{
    "GAUGE_LENGTH": 25.0,
    "GAUGE_DIAMETER": 4.0,
    "CONN_DIAMETER": 5.0,
    "SPECIMEN_LENGTH": 72.0,
    "ROUND_RADIUS": 3.0,
    "THREADED_LENGTH": 15,
    "MAX_DISPLACEMENT": 2.210208375,
    "YIELD_STRESS": 339.06,
    "MODULUS": 191860.44,
    "UTS_STRAIN": 0.039062714742356335,
    "UTS_STRESS": 518.89,
    "EN": 0.28888647250205557,
    "F": 0.0013388229271091335,
    "FN": 0.07099717801715966,
    "Q1": 1.4897650472741992,
    "Q2": 1.0704151229688583,
    "Q3": 2.3868713558188412,
    "SLOPE": 576.5108664789122,
    "SN": 0.18363147779530456
}