{
    "GAUGE_LENGTH": 25.0,
    "GAUGE_DIAMETER": 4.0,
    "CONN_DIAMETER": 5.0,
    "SPECIMEN_LENGTH": 72.0,
    "ROUND_RADIUS": 3.0,
    "THREADED_LENGTH": 15,
    "MAX_DISPLACEMENT": 2.210208375,
    "YIELD_STRESS": 339.06,
    "MODULUS": 191860.44,
    "UTS_STRAIN": 0.039062714742356335,
    "UTS_STRESS": 518.89,
    "EN": 0.32128804575824843,
    "F": 0.0014467298083681458,
    "FN": 0.0636539066139564,
    "Q1": 1.1477666788358487,
    "Q2": 0.96699702802461,
    "Q3": 0.8343697654060693,
    "SLOPE": 742.7696052980506,
    "SN": 0.1505908748917704
}