{
    "GAUGE_LENGTH": 25.0,
    "GAUGE_DIAMETER": 4.0,
    "CONN_DIAMETER": 5.0,
    "SPECIMEN_LENGTH": 72.0,
    "ROUND_RADIUS": 3.0,
    "THREADED_LENGTH": 15,
    "MAX_DISPLACEMENT": 2.210208375,
    "YIELD_STRESS": 339.06,
    "MODULUS": 191860.44,
    "UTS_STRAIN": 0.039062714742356335,
    "UTS_STRESS": 518.89,
    "EN": 0.35217580705896867,
    "F": 0.001399361819950833,
    "FN": 0.04526869878484756,
    "Q1": 1.4593298099468988,
    "Q2": 1.0493764552682838,
    "Q3": 2.5138876775868875,
    "SLOPE": 710.3634519472591,
    "SN": 0.15531009502902915
}