{
    "GAUGE_LENGTH": 25.0,
    "GAUGE_DIAMETER": 4.0,
    "CONN_DIAMETER": 5.0,
    "SPECIMEN_LENGTH": 72.0,
    "ROUND_RADIUS": 3.0,
    "THREADED_LENGTH": 15,
    "MAX_DISPLACEMENT": 2.210208375,
    "YIELD_STRESS": 339.06,
    "MODULUS": 191860.44,
    "UTS_STRAIN": 0.039062714742356335,
    "UTS_STRESS": 518.89,
    "EN": 0.27006414311718224,
    "F": 0.0013528498106801753,
    "FN": 0.06679563352832878,
    "Q1": 1.5348365700794284,
    "Q2": 0.9371431536648243,
    "Q3": 2.551035170345931,
    "SLOPE": 279.4764227192464,
    "SN": 0.18793112655279715
}