{
    "GAUGE_LENGTH": 25.0,
    "GAUGE_DIAMETER": 4.0,
    "CONN_DIAMETER": 5.0,
    "SPECIMEN_LENGTH": 72.0,
    "ROUND_RADIUS": 3.0,
    "THREADED_LENGTH": 15,
    "MAX_DISPLACEMENT": 2.210208375,
    "YIELD_STRESS": 339.06,
    "MODULUS": 191860.44,
    "UTS_STRAIN": 0.039062714742356335,
    "UTS_STRESS": 518.89,
    "EN": 0.3811154552245739,
    "F": 0.0014404030234157013,
    "FN": 0.06557022648574444,
    "Q1": 0.9997143538239773,
    "Q2": 1.0782610972394888,
    "Q3": 0.8412218303521817,
    "SLOPE": 731.7973654569595,
    "SN": 0.1719610683174611
}