{
    "GAUGE_LENGTH": 25.0,
    "GAUGE_DIAMETER": 4.0,
    "CONN_DIAMETER": 5.0,
    "SPECIMEN_LENGTH": 72.0,
    "ROUND_RADIUS": 3.0,
    "THREADED_LENGTH": 15,
    "MAX_DISPLACEMENT": 2.210208375,
    "YIELD_STRESS": 339.06,
    "MODULUS": 191860.44,
    "UTS_STRAIN": 0.039062714742356335,
    "UTS_STRESS": 518.89,
    "EN": 0.3910305862731164,
    "F": 0.0013157321926700848,
    "FN": 0.05203023256727765,
    "Q1": 1.4588635981139095,
    "Q2": 0.9153383041290306,
    "Q3": 1.6499204371795821,
    "SLOPE": 752.2597779870457,
    "SN": 0.1193564412035838
}