{
    "GAUGE_LENGTH": 25.0,
    "GAUGE_DIAMETER": 4.0,
    "CONN_DIAMETER": 5.0,
    "SPECIMEN_LENGTH": 72.0,
    "ROUND_RADIUS": 3.0,
    "THREADED_LENGTH": 15,
    "MAX_DISPLACEMENT": 2.210208375,
    "YIELD_STRESS": 339.06,
    "MODULUS": 191860.44,
    "UTS_STRAIN": 0.039062714742356335,
    "UTS_STRESS": 518.89,
    "EN": 0.3363510087452261,
    "F": 0.0013801494630337149,
    "FN": 0.06045000351287089,
    "Q1": 1.507149480535144,
    "Q2": 1.008798898610703,
    "Q3": 2.4873966813019095,
    "SLOPE": 737.5246700364257,
    "SN": 0.14858327419673362
}