{
    "GAUGE_LENGTH": 25.0,
    "GAUGE_DIAMETER": 4.0,
    "CONN_DIAMETER": 5.0,
    "SPECIMEN_LENGTH": 72.0,
    "ROUND_RADIUS": 3.0,
    "THREADED_LENGTH": 15,
    "MAX_DISPLACEMENT": 2.210208375,
    "YIELD_STRESS": 339.06,
    "MODULUS": 191860.44,
    "UTS_STRAIN": 0.039062714742356335,
    "UTS_STRESS": 518.89,
    "EN": 0.3998537458713456,
    "F": 0.0013106658959003545,
    "FN": 0.04283538136465957,
    "Q1": 1.120387360155545,
    "Q2": 1.0368614630939654,
    "Q3": 1.124158925427528,
    "SLOPE": 747.873306627428,
    "SN": 0.15589745534811517
}