{
    "GAUGE_LENGTH": 25.0,
    "GAUGE_DIAMETER": 4.0,
    "CONN_DIAMETER": 5.0,
    "SPECIMEN_LENGTH": 72.0,
    "ROUND_RADIUS": 3.0,
    "THREADED_LENGTH": 15,
    "MAX_DISPLACEMENT": 2.210208375,
    "YIELD_STRESS": 339.06,
    "MODULUS": 191860.44,
    "UTS_STRAIN": 0.039062714742356335,
    "UTS_STRESS": 518.89,
    "EN": 0.3410303437735234,
    "F": 0.0013160996981205174,
    "FN": 0.08067709914364646,
    "Q1": 1.5542896666456747,
    "Q2": 0.9184836719700644,
    "Q3": 2.539798373164457,
    "SLOPE": 727.6190354670944,
    "SN": 0.14748233660102242
}