{
    "GAUGE_LENGTH": 25.0,
    "GAUGE_DIAMETER": 4.0,
    "CONN_DIAMETER": 5.0,
    "SPECIMEN_LENGTH": 72.0,
    "ROUND_RADIUS": 3.0,
    "THREADED_LENGTH": 15,
    "MAX_DISPLACEMENT": 2.210208375,
    "YIELD_STRESS": 339.06,
    "MODULUS": 191860.44,
    "UTS_STRAIN": 0.039062714742356335,
    "UTS_STRESS": 518.89,
    "EN": 0.3982010028694863,
    "F": 0.0013883751653678293,
    "FN": 0.033205001850364554,
    "Q1": 1.132877011192416,
    "Q2": 1.0287483020128003,
    "Q3": 0.9345420903870559,
    "SLOPE": 755.0140231100315,
    "SN": 0.17495345091839654
}