{
    "GAUGE_LENGTH": 25.0,
    "GAUGE_DIAMETER": 4.0,
    "CONN_DIAMETER": 5.0,
    "SPECIMEN_LENGTH": 72.0,
    "ROUND_RADIUS": 3.0,
    "THREADED_LENGTH": 15,
    "MAX_DISPLACEMENT": 2.210208375,
    "YIELD_STRESS": 339.06,
    "MODULUS": 191860.44,
    "UTS_STRAIN": 0.039062714742356335,
    "UTS_STRESS": 518.89,
    "EN": 0.2608214900931526,
    "F": 0.0014382836579050393,
    "FN": 0.08257913141489959,
    "Q1": 1.079362544639797,
    "Q2": 1.035338084937423,
    "Q3": 0.8928318996373248,
    "SLOPE": 755.021729862802,
    "SN": 0.17428057320538337
}