{
    "GAUGE_LENGTH": 25.0,
    "GAUGE_DIAMETER": 4.0,
    "CONN_DIAMETER": 5.0,
    "SPECIMEN_LENGTH": 72.0,
    "ROUND_RADIUS": 3.0,
    "THREADED_LENGTH": 15,
    "MAX_DISPLACEMENT": 2.210208375,
    "YIELD_STRESS": 339.06,
    "MODULUS": 191860.44,
    "UTS_STRAIN": 0.039062714742356335,
    "UTS_STRESS": 518.89,
    "EN": 0.2672526029229853,
    "F": 0.001334026492417822,
    "FN": 0.07705645439813585,
    "Q1": 1.3564803448558025,
    "Q2": 0.9825424347568146,
    "Q3": 2.495523892877178,
    "SLOPE": 755.1361397515692,
    "SN": 0.13619582200968638
}