{
    "GAUGE_LENGTH": 25.0,
    "GAUGE_DIAMETER": 4.0,
    "CONN_DIAMETER": 5.0,
    "SPECIMEN_LENGTH": 72.0,
    "ROUND_RADIUS": 3.0,
    "THREADED_LENGTH": 15,
    "MAX_DISPLACEMENT": 2.210208375,
    "YIELD_STRESS": 339.06,
    "MODULUS": 191860.44,
    "UTS_STRAIN": 0.039062714742356335,
    "UTS_STRESS": 518.89,
    "EN": 0.39519076338031184,
    "F": 0.0014048041026744464,
    "FN": 0.046011909802199435,
    "Q1": 1.138505155916104,
    "Q2": 0.9671949644742679,
    "Q3": 0.8442079929085692,
    "SLOPE": 746.3853615357931,
    "SN": 0.11999813368049785
}