{
    "GAUGE_LENGTH": 25.0,
    "GAUGE_DIAMETER": 4.0,
    "CONN_DIAMETER": 5.0,
    "SPECIMEN_LENGTH": 72.0,
    "ROUND_RADIUS": 3.0,
    "THREADED_LENGTH": 15,
    "MAX_DISPLACEMENT": 2.210208375,
    "YIELD_STRESS": 339.06,
    "MODULUS": 191860.44,
    "UTS_STRAIN": 0.039062714742356335,
    "UTS_STRESS": 518.89,
    "EN": 0.28376572600874345,
    "F": 0.0013168395911595208,
    "FN": 0.04147156062303328,
    "Q1": 1.0856257670641605,
    "Q2": 0.9723133700306351,
    "Q3": 0.8129737600178206,
    "SLOPE": 745.5389010110575,
    "SN": 0.14288274591453995
}