{
    "GAUGE_LENGTH": 25.0,
    "GAUGE_DIAMETER": 4.0,
    "CONN_DIAMETER": 5.0,
    "SPECIMEN_LENGTH": 72.0,
    "ROUND_RADIUS": 3.0,
    "THREADED_LENGTH": 15,
    "MAX_DISPLACEMENT": 2.210208375,
    "YIELD_STRESS": 339.06,
    "MODULUS": 191860.44,
    "UTS_STRAIN": 0.039062714742356335,
    "UTS_STRESS": 518.89,
    "EN": 0.3301970987367142,
    "F": 0.0014246058172852328,
    "FN": 0.04750559356450272,
    "Q1": 1.3555824269292618,
    "Q2": 1.0923457185834466,
    "Q3": 0.8485161734792276,
    "SLOPE": 745.6409135999675,
    "SN": 0.1767764381589654
}