{
    "GAUGE_LENGTH": 25.0,
    "GAUGE_DIAMETER": 4.0,
    "CONN_DIAMETER": 5.0,
    "SPECIMEN_LENGTH": 72.0,
    "ROUND_RADIUS": 3.0,
    "THREADED_LENGTH": 15,
    "MAX_DISPLACEMENT": 2.210208375,
    "YIELD_STRESS": 339.06,
    "MODULUS": 191860.44,
    "UTS_STRAIN": 0.039062714742356335,
    "UTS_STRESS": 518.89,
    "EN": 0.30745987613937203,
    "F": 0.0014847666827501138,
    "FN": 0.05662746377730482,
    "Q1": 1.531209413878595,
    "Q2": 0.9500649752701311,
    "Q3": 2.5337177848398214,
    "SLOPE": 755.1078458742152,
    "SN": 0.1502935402606136
}