{
    "GAUGE_LENGTH": 25.0,
    "GAUGE_DIAMETER": 4.0,
    "CONN_DIAMETER": 5.0,
    "SPECIMEN_LENGTH": 72.0,
    "ROUND_RADIUS": 3.0,
    "THREADED_LENGTH": 15,
    "MAX_DISPLACEMENT": 2.210208375,
    "YIELD_STRESS": 339.06,
    "MODULUS": 191860.44,
    "UTS_STRAIN": 0.039062714742356335,
    "UTS_STRESS": 518.89,
    "EN": 0.38694960912022763,
    "F": 0.001315449174746407,
    "FN": 0.03277969010422865,
    "Q1": 0.923299053373489,
    "Q2": 0.9933865635672963,
    "Q3": 0.8340330932309683,
    "SLOPE": 745.9373073042365,
    "SN": 0.11606066676058112
}