{
    "GAUGE_LENGTH": 25.0,
    "GAUGE_DIAMETER": 4.0,
    "CONN_DIAMETER": 5.0,
    "SPECIMEN_LENGTH": 72.0,
    "ROUND_RADIUS": 3.0,
    "THREADED_LENGTH": 15,
    "MAX_DISPLACEMENT": 2.210208375,
    "YIELD_STRESS": 339.06,
    "MODULUS": 191860.44,
    "UTS_STRAIN": 0.039062714742356335,
    "UTS_STRESS": 518.89,
    "EN": 0.3321453296937513,
    "F": 0.0014538857071669813,
    "FN": 0.07123450125914363,
    "Q1": 1.2959442027289199,
    "Q2": 0.9546461958511095,
    "Q3": 0.8163207514139837,
    "SLOPE": 746.3059711630058,
    "SN": 0.19445169449854927
}