{
    "GAUGE_LENGTH": 25.0,
    "GAUGE_DIAMETER": 4.0,
    "CONN_DIAMETER": 5.0,
    "SPECIMEN_LENGTH": 72.0,
    "ROUND_RADIUS": 3.0,
    "THREADED_LENGTH": 15,
    "MAX_DISPLACEMENT": 2.210208375,
    "YIELD_STRESS": 339.06,
    "MODULUS": 191860.44,
    "UTS_STRAIN": 0.039062714742356335,
    "UTS_STRESS": 518.89,
    "EN": 0.3650221057972589,
    "F": 0.0013403168498783479,
    "FN": 0.07222541188754994,
    "Q1": 1.0560114717035807,
    "Q2": 0.9454983737791336,
    "Q3": 0.8521061999115649,
    "SLOPE": 745.7349472517242,
    "SN": 0.12109339289815298
}