{
    "GAUGE_LENGTH": 25.0,
    "GAUGE_DIAMETER": 4.0,
    "CONN_DIAMETER": 5.0,
    "SPECIMEN_LENGTH": 72.0,
    "ROUND_RADIUS": 3.0,
    "THREADED_LENGTH": 15,
    "MAX_DISPLACEMENT": 2.210208375,
    "YIELD_STRESS": 339.06,
    "MODULUS": 191860.44,
    "UTS_STRAIN": 0.039062714742356335,
    "UTS_STRESS": 518.89,
    "EN": 0.3992816613379846,
    "F": 0.0013757412651735678,
    "FN": 0.06086295071482638,
    "Q1": 0.9037168969399632,
    "Q2": 0.9679903853529258,
    "Q3": 0.845859289645359,
    "SLOPE": 746.4208076327235,
    "SN": 0.13828625089106106
}