{
    "GAUGE_LENGTH": 25.0,
    "GAUGE_DIAMETER": 4.0,
    "CONN_DIAMETER": 5.0,
    "SPECIMEN_LENGTH": 72.0,
    "ROUND_RADIUS": 3.0,
    "THREADED_LENGTH": 15,
    "MAX_DISPLACEMENT": 2.210208375,
    "YIELD_STRESS": 339.06,
    "MODULUS": 191860.44,
    "UTS_STRAIN": 0.039062714742356335,
    "UTS_STRESS": 518.89,
    "EN": 0.25575684993488884,
    "F": 0.0014674919559690463,
    "FN": 0.05569896126249042,
    "Q1": 1.0667448919383467,
    "Q2": 0.9535357287057826,
    "Q3": 0.8129539076563758,
    "SLOPE": 746.9814000908137,
    "SN": 0.11295951264679467
}