{
    "GAUGE_LENGTH": 25.0,
    "GAUGE_DIAMETER": 4.0,
    "CONN_DIAMETER": 5.0,
    "SPECIMEN_LENGTH": 72.0,
    "ROUND_RADIUS": 3.0,
    "THREADED_LENGTH": 15,
    "MAX_DISPLACEMENT": 2.210208375,
    "YIELD_STRESS": 339.06,
    "MODULUS": 191860.44,
    "UTS_STRAIN": 0.039062714742356335,
    "UTS_STRESS": 518.89,
    "EN": 0.3513386368139469,
    "F": 0.0013928850887543547,
    "FN": 0.031414772977745906,
    "Q1": 1.329026165652334,
    "Q2": 0.9829438877968151,
    "Q3": 0.8219085166986022,
    "SLOPE": 703.6471975363867,
    "SN": 0.15277895989921358
}