{
    "GAUGE_LENGTH": 25.0,
    "GAUGE_DIAMETER": 4.0,
    "CONN_DIAMETER": 5.0,
    "SPECIMEN_LENGTH": 72.0,
    "ROUND_RADIUS": 3.0,
    "THREADED_LENGTH": 15,
    "MAX_DISPLACEMENT": 2.210208375,
    "YIELD_STRESS": 339.06,
    "MODULUS": 191860.44,
    "UTS_STRAIN": 0.039062714742356335,
    "UTS_STRESS": 518.89,
    "EN": 0.3477655552704635,
    "F": 0.0014978755605724306,
    "FN": 0.05583305168196785,
    "Q1": 1.0587940048767417,
    "Q2": 1.079208282106469,
    "Q3": 0.8237094784920955,
    "SLOPE": 745.4591624970225,
    "SN": 0.1627275919447244
}