{
    "GAUGE_LENGTH": 25.0,
    "GAUGE_DIAMETER": 4.0,
    "CONN_DIAMETER": 5.0,
    "SPECIMEN_LENGTH": 72.0,
    "ROUND_RADIUS": 3.0,
    "THREADED_LENGTH": 15,
    "MAX_DISPLACEMENT": 2.210208375,
    "YIELD_STRESS": 339.06,
    "MODULUS": 191860.44,
    "UTS_STRAIN": 0.039062714742356335,
    "UTS_STRESS": 518.89,
    "EN": 0.3812210892462922,
    "F": 0.00139611913374137,
    "FN": 0.05777902322597696,
    "Q1": 1.1175114672191513,
    "Q2": 1.0644275576180586,
    "Q3": 0.8213179069176326,
    "SLOPE": 746.0895943386203,
    "SN": 0.18871523989348854
}