{
    "GAUGE_LENGTH": 25.0,
    "GAUGE_DIAMETER": 4.0,
    "CONN_DIAMETER": 5.0,
    "SPECIMEN_LENGTH": 72.0,
    "ROUND_RADIUS": 3.0,
    "THREADED_LENGTH": 15,
    "MAX_DISPLACEMENT": 2.210208375,
    "YIELD_STRESS": 339.06,
    "MODULUS": 191860.44,
    "UTS_STRAIN": 0.039062714742356335,
    "UTS_STRESS": 518.89,
    "EN": 0.3913630652516313,
    "F": 0.001464068975869781,
    "FN": 0.03856848763250638,
    "Q1": 1.120030181850914,
    "Q2": 1.0241047259299672,
    "Q3": 0.8387049469638354,
    "SLOPE": 746.5340302695748,
    "SN": 0.1845308685188461
}