{
    "GAUGE_LENGTH": 25.0,
    "GAUGE_DIAMETER": 4.0,
    "CONN_DIAMETER": 5.0,
    "SPECIMEN_LENGTH": 72.0,
    "ROUND_RADIUS": 3.0,
    "THREADED_LENGTH": 15,
    "MAX_DISPLACEMENT": 2.210208375,
    "YIELD_STRESS": 339.06,
    "MODULUS": 191860.44,
    "UTS_STRAIN": 0.039062714742356335,
    "UTS_STRESS": 518.89,
    "EN": 0.2532282788988807,
    "F": 0.00139867794566888,
    "FN": 0.07275556823224401,
    "Q1": 1.0097808646449093,
    "Q2": 0.9232192605758299,
    "Q3": 1.3496135979279675,
    "SLOPE": 717.463493303994,
    "SN": 0.13540096992740241
}