{
    "GAUGE_LENGTH": 25.0,
    "GAUGE_DIAMETER": 4.0,
    "CONN_DIAMETER": 5.0,
    "SPECIMEN_LENGTH": 72.0,
    "ROUND_RADIUS": 3.0,
    "THREADED_LENGTH": 15,
    "MAX_DISPLACEMENT": 2.210208375,
    "YIELD_STRESS": 339.06,
    "MODULUS": 191860.44,
    "UTS_STRAIN": 0.039062714742356335,
    "UTS_STRESS": 518.89,
    "EN": 0.2818505177671484,
    "F": 0.001364120431893407,
    "FN": 0.03134919072995819,
    "Q1": 0.9100374189145406,
    "Q2": 1.0958116998982328,
    "Q3": 0.8106876532618668,
    "SLOPE": 746.5720979559568,
    "SN": 0.11718735907327557
}