{
    "GAUGE_LENGTH": 25.0,
    "GAUGE_DIAMETER": 4.0,
    "CONN_DIAMETER": 5.0,
    "SPECIMEN_LENGTH": 72.0,
    "ROUND_RADIUS": 3.0,
    "THREADED_LENGTH": 15,
    "MAX_DISPLACEMENT": 2.210208375,
    "YIELD_STRESS": 339.06,
    "MODULUS": 191860.44,
    "UTS_STRAIN": 0.039062714742356335,
    "UTS_STRESS": 518.89,
    "EN": 0.29882935315080145,
    "F": 0.0014512934827733777,
    "FN": 0.07850293984095214,
    "Q1": 1.1464923846938597,
    "Q2": 0.9319374425382715,
    "Q3": 2.4941238924461837,
    "SLOPE": 695.8488408336118,
    "SN": 0.15061333116142211
}