{
    "GAUGE_LENGTH": 25.0,
    "GAUGE_DIAMETER": 4.0,
    "CONN_DIAMETER": 5.0,
    "SPECIMEN_LENGTH": 72.0,
    "ROUND_RADIUS": 3.0,
    "THREADED_LENGTH": 15,
    "MAX_DISPLACEMENT": 2.210208375,
    "YIELD_STRESS": 339.06,
    "MODULUS": 191860.44,
    "UTS_STRAIN": 0.039062714742356335,
    "UTS_STRESS": 518.89,
    "EN": 0.336589410666359,
    "F": 0.0013013923464937906,
    "FN": 0.07256351538920851,
    "Q1": 1.0403768280596795,
    "Q2": 0.9420016242844054,
    "Q3": 0.8244278623151581,
    "SLOPE": 745.162477140891,
    "SN": 0.19851003329732028
}