{
    "GAUGE_LENGTH": 25.0,
    "GAUGE_DIAMETER": 4.0,
    "CONN_DIAMETER": 5.0,
    "SPECIMEN_LENGTH": 72.0,
    "ROUND_RADIUS": 3.0,
    "THREADED_LENGTH": 15,
    "MAX_DISPLACEMENT": 2.210208375,
    "YIELD_STRESS": 339.06,
    "MODULUS": 191860.44,
    "UTS_STRAIN": 0.039062714742356335,
    "UTS_STRESS": 518.89,
    "EN": 0.35546329269926835,
    "F": 0.0013355476564672337,
    "FN": 0.055295007541347,
    "Q1": 0.9003162140609774,
    "Q2": 0.9435626023283321,
    "Q3": 0.8908291326584404,
    "SLOPE": 745.3947511807979,
    "SN": 0.13688802370231917
}