{
    "GAUGE_LENGTH": 25.0,
    "GAUGE_DIAMETER": 4.0,
    "CONN_DIAMETER": 5.0,
    "SPECIMEN_LENGTH": 72.0,
    "ROUND_RADIUS": 3.0,
    "THREADED_LENGTH": 15,
    "MAX_DISPLACEMENT": 2.210208375,
    "YIELD_STRESS": 339.06,
    "MODULUS": 191860.44,
    "UTS_STRAIN": 0.039062714742356335,
    "UTS_STRESS": 518.89,
    "EN": 0.36060114348424377,
    "F": 0.0014339786176332623,
    "FN": 0.08009250576241778,
    "Q1": 1.0454954460246262,
    "Q2": 0.9577180503008607,
    "Q3": 0.832821830194439,
    "SLOPE": 746.0651735621805,
    "SN": 0.10164365217892263
}