{
    "GAUGE_LENGTH": 25.0,
    "GAUGE_DIAMETER": 4.0,
    "CONN_DIAMETER": 5.0,
    "SPECIMEN_LENGTH": 72.0,
    "ROUND_RADIUS": 3.0,
    "THREADED_LENGTH": 15,
    "MAX_DISPLACEMENT": 2.210208375,
    "YIELD_STRESS": 339.06,
    "MODULUS": 191860.44,
    "UTS_STRAIN": 0.039062714742356335,
    "UTS_STRESS": 518.89,
    "EN": 0.3887353291427781,
    "F": 0.001494083022432711,
    "FN": 0.0497078372927177,
    "Q1": 0.9934829439720678,
    "Q2": 1.0932832430542734,
    "Q3": 0.8373033488901113,
    "SLOPE": 745.9093896620346,
    "SN": 0.15355456651589663
}