{
    "GAUGE_LENGTH": 25.0,
    "GAUGE_DIAMETER": 4.0,
    "CONN_DIAMETER": 5.0,
    "SPECIMEN_LENGTH": 72.0,
    "ROUND_RADIUS": 3.0,
    "THREADED_LENGTH": 15,
    "MAX_DISPLACEMENT": 2.210208375,
    "YIELD_STRESS": 339.06,
    "MODULUS": 191860.44,
    "UTS_STRAIN": 0.039062714742356335,
    "UTS_STRESS": 518.89,
    "EN": 0.2822390215214332,
    "F": 0.0014054821522681065,
    "FN": 0.03147190273875201,
    "Q1": 1.042222383242666,
    "Q2": 1.0582807243259191,
    "Q3": 0.8150400096445837,
    "SLOPE": 746.3881476490172,
    "SN": 0.10616642805889154
}