{
    "GAUGE_LENGTH": 25.0,
    "GAUGE_DIAMETER": 4.0,
    "CONN_DIAMETER": 5.0,
    "SPECIMEN_LENGTH": 72.0,
    "ROUND_RADIUS": 3.0,
    "THREADED_LENGTH": 15,
    "MAX_DISPLACEMENT": 2.210208375,
    "YIELD_STRESS": 339.06,
    "MODULUS": 191860.44,
    "UTS_STRAIN": 0.039062714742356335,
    "UTS_STRESS": 518.89,
    "EN": 0.38921830729644047,
    "F": 0.0014997222051248693,
    "FN": 0.057239850167703804,
    "Q1": 1.003668840935197,
    "Q2": 1.034241189655342,
    "Q3": 0.8857808231376582,
    "SLOPE": 745.2247959107154,
    "SN": 0.14623873327185186
}