{
    "GAUGE_LENGTH": 25.0,
    "GAUGE_DIAMETER": 4.0,
    "CONN_DIAMETER": 5.0,
    "SPECIMEN_LENGTH": 72.0,
    "ROUND_RADIUS": 3.0,
    "THREADED_LENGTH": 15,
    "MAX_DISPLACEMENT": 2.210208375,
    "YIELD_STRESS": 339.06,
    "MODULUS": 191860.44,
    "UTS_STRAIN": 0.039062714742356335,
    "UTS_STRESS": 518.89,
    "EN": 0.3983846107590462,
    "F": 0.0014408242221489044,
    "FN": 0.07422408105898144,
    "Q1": 0.9108712342759638,
    "Q2": 1.028928689032982,
    "Q3": 0.8123185162066406,
    "SLOPE": 744.5766145442379,
    "SN": 0.17522402025386055
}