{
    "GAUGE_LENGTH": 25.0,
    "GAUGE_DIAMETER": 4.0,
    "CONN_DIAMETER": 5.0,
    "SPECIMEN_LENGTH": 72.0,
    "ROUND_RADIUS": 3.0,
    "THREADED_LENGTH": 15,
    "MAX_DISPLACEMENT": 2.210208375,
    "YIELD_STRESS": 339.06,
    "MODULUS": 191860.44,
    "UTS_STRAIN": 0.039062714742356335,
    "UTS_STRESS": 518.89,
    "EN": 0.353636661204775,
    "F": 0.0013729298902285549,
    "FN": 0.06852022404456615,
    "Q1": 1.0559209453006397,
    "Q2": 0.9461907584602631,
    "Q3": 0.8620285124057421,
    "SLOPE": 745.9666269354377,
    "SN": 0.17058429434313124
}