{
    "GAUGE_LENGTH": 25.0,
    "GAUGE_DIAMETER": 4.0,
    "CONN_DIAMETER": 5.0,
    "SPECIMEN_LENGTH": 72.0,
    "ROUND_RADIUS": 3.0,
    "THREADED_LENGTH": 15,
    "MAX_DISPLACEMENT": 2.210208375,
    "YIELD_STRESS": 339.06,
    "MODULUS": 191860.44,
    "UTS_STRAIN": 0.039062714742356335,
    "UTS_STRESS": 518.89,
    "EN": 0.35711504575886793,
    "F": 0.0013486608627726814,
    "FN": 0.08671846298000413,
    "Q1": 0.9729096923690247,
    "Q2": 0.9103499493261523,
    "Q3": 0.8796787039305842,
    "SLOPE": 745.8365752493639,
    "SN": 0.14726397801920707
}