{
    "GAUGE_LENGTH": 25.0,
    "GAUGE_DIAMETER": 4.0,
    "CONN_DIAMETER": 5.0,
    "SPECIMEN_LENGTH": 72.0,
    "ROUND_RADIUS": 3.0,
    "THREADED_LENGTH": 15,
    "MAX_DISPLACEMENT": 2.210208375,
    "YIELD_STRESS": 339.06,
    "MODULUS": 191860.44,
    "UTS_STRAIN": 0.039062714742356335,
    "UTS_STRESS": 518.89,
    "EN": 0.2627141951815921,
    "F": 0.0014026565574027695,
    "FN": 0.06052027901471786,
    "Q1": 1.4925854151479663,
    "Q2": 1.0751959192838156,
    "Q3": 1.517680528659059,
    "SLOPE": 483.99562539233926,
    "SN": 0.1583461492408827
}