{
    "GAUGE_LENGTH": 25.0,
    "GAUGE_DIAMETER": 4.0,
    "CONN_DIAMETER": 5.0,
    "SPECIMEN_LENGTH": 72.0,
    "ROUND_RADIUS": 3.0,
    "THREADED_LENGTH": 15,
    "MAX_DISPLACEMENT": 2.210208375,
    "YIELD_STRESS": 339.06,
    "MODULUS": 191860.44,
    "UTS_STRAIN": 0.039062714742356335,
    "UTS_STRESS": 518.89,
    "EN": 0.31324404313220233,
    "F": 0.0013714346530431165,
    "FN": 0.0899660494322904,
    "Q1": 1.2552454055527076,
    "Q2": 0.9546114309213185,
    "Q3": 1.5313685454660728,
    "SLOPE": 391.8685837599774,
    "SN": 0.14287545344709882
}