{
    "GAUGE_LENGTH": 25.0,
    "GAUGE_DIAMETER": 4.0,
    "CONN_DIAMETER": 5.0,
    "SPECIMEN_LENGTH": 72.0,
    "ROUND_RADIUS": 3.0,
    "THREADED_LENGTH": 15,
    "MAX_DISPLACEMENT": 2.210208375,
    "YIELD_STRESS": 339.06,
    "MODULUS": 191860.44,
    "UTS_STRAIN": 0.039062714742356335,
    "UTS_STRESS": 518.89,
    "EN": 0.3657196755516342,
    "F": 0.0014189142172324057,
    "FN": 0.058290164836638306,
    "Q1": 1.1705995267877491,
    "Q2": 1.021943229361511,
    "Q3": 0.87198388356583,
    "SLOPE": 745.9751076034177,
    "SN": 0.10297781671704484
}