{
    "GAUGE_LENGTH": 25.0,
    "GAUGE_DIAMETER": 4.0,
    "CONN_DIAMETER": 5.0,
    "SPECIMEN_LENGTH": 72.0,
    "ROUND_RADIUS": 3.0,
    "THREADED_LENGTH": 15,
    "MAX_DISPLACEMENT": 2.210208375,
    "YIELD_STRESS": 339.06,
    "MODULUS": 191860.44,
    "UTS_STRAIN": 0.039062714742356335,
    "UTS_STRESS": 518.89,
    "EN": 0.3651308215482921,
    "F": 0.0014412057311890619,
    "FN": 0.05043551428907869,
    "Q1": 0.9141206847422906,
    "Q2": 0.9249146512799404,
    "Q3": 0.8505118097195429,
    "SLOPE": 746.3361725292234,
    "SN": 0.14208454094749767
}