{
    "GAUGE_LENGTH": 25.0,
    "GAUGE_DIAMETER": 4.0,
    "CONN_DIAMETER": 5.0,
    "SPECIMEN_LENGTH": 72.0,
    "ROUND_RADIUS": 3.0,
    "THREADED_LENGTH": 15,
    "MAX_DISPLACEMENT": 2.210208375,
    "YIELD_STRESS": 339.06,
    "MODULUS": 191860.44,
    "UTS_STRAIN": 0.039062714742356335,
    "UTS_STRESS": 518.89,
    "EN": 0.28756704915888126,
    "F": 0.0013397865760559733,
    "FN": 0.03565543215229586,
    "Q1": 1.338805289843941,
    "Q2": 0.9036761766057545,
    "Q3": 2.231998964568976,
    "SLOPE": 128.43190975426666,
    "SN": 0.18810177261531025
}