{
    "GAUGE_LENGTH": 25.0,
    "GAUGE_DIAMETER": 4.0,
    "CONN_DIAMETER": 5.0,
    "SPECIMEN_LENGTH": 72.0,
    "ROUND_RADIUS": 3.0,
    "THREADED_LENGTH": 15,
    "MAX_DISPLACEMENT": 2.210208375,
    "YIELD_STRESS": 339.06,
    "MODULUS": 191860.44,
    "UTS_STRAIN": 0.039062714742356335,
    "UTS_STRESS": 518.89,
    "EN": 0.3261897895554339,
    "F": 0.0013066222662267357,
    "FN": 0.05567771837807549,
    "Q1": 1.0684514677896015,
    "Q2": 0.9666899325245515,
    "Q3": 0.8595436018160106,
    "SLOPE": 335.1656788013836,
    "SN": 0.11473105774747183
}