{
    "GAUGE_LENGTH": 25.0,
    "GAUGE_DIAMETER": 4.0,
    "CONN_DIAMETER": 5.0,
    "SPECIMEN_LENGTH": 72.0,
    "ROUND_RADIUS": 3.0,
    "THREADED_LENGTH": 15,
    "MAX_DISPLACEMENT": 2.210208375,
    "YIELD_STRESS": 339.06,
    "MODULUS": 191860.44,
    "UTS_STRAIN": 0.039062714742356335,
    "UTS_STRESS": 518.89,
    "EN": 0.27406424988690176,
    "F": 0.0013567405902819368,
    "FN": 0.06629732341143817,
    "Q1": 1.5835570853372123,
    "Q2": 1.0997212560147336,
    "Q3": 1.9642850780992687,
    "SLOPE": 72.0874702329949,
    "SN": 0.12420194766057834
}