{
    "GAUGE_LENGTH": 25.0,
    "GAUGE_DIAMETER": 4.0,
    "CONN_DIAMETER": 5.0,
    "SPECIMEN_LENGTH": 72.0,
    "ROUND_RADIUS": 3.0,
    "THREADED_LENGTH": 15,
    "MAX_DISPLACEMENT": 2.210208375,
    "YIELD_STRESS": 339.06,
    "MODULUS": 191860.44,
    "UTS_STRAIN": 0.039062714742356335,
    "UTS_STRESS": 518.89,
    "EN": 0.2744860626709178,
    "F": 0.0014686267316539148,
    "FN": 0.0882327633377884,
    "Q1": 1.1043024563480426,
    "Q2": 0.9245205445066873,
    "Q3": 0.8375522693539251,
    "SLOPE": 673.8585524019675,
    "SN": 0.18570318260215518
}