{
    "GAUGE_LENGTH": 25.0,
    "GAUGE_DIAMETER": 4.0,
    "CONN_DIAMETER": 5.0,
    "SPECIMEN_LENGTH": 72.0,
    "ROUND_RADIUS": 3.0,
    "THREADED_LENGTH": 15,
    "MAX_DISPLACEMENT": 2.210208375,
    "YIELD_STRESS": 339.06,
    "MODULUS": 191860.44,
    "UTS_STRAIN": 0.039062714742356335,
    "UTS_STRESS": 518.89,
    "EN": 0.34877045276140844,
    "F": 0.0014228644670346165,
    "FN": 0.04902868006772028,
    "Q1": 0.9025870210022335,
    "Q2": 1.0078066319697874,
    "Q3": 1.0376696839661401,
    "SLOPE": 199.4098599334063,
    "SN": 0.16639931580304212
}