{
    "GAUGE_LENGTH": 25.0,
    "GAUGE_DIAMETER": 4.0,
    "CONN_DIAMETER": 5.0,
    "SPECIMEN_LENGTH": 72.0,
    "ROUND_RADIUS": 3.0,
    "THREADED_LENGTH": 15,
    "MAX_DISPLACEMENT": 2.210208375,
    "YIELD_STRESS": 339.06,
    "MODULUS": 191860.44,
    "UTS_STRAIN": 0.039062714742356335,
    "UTS_STRESS": 518.89,
    "EN": 0.35066763232079917,
    "F": 0.0013563267612342277,
    "FN": 0.04969946384940448,
    "Q1": 1.132530155226261,
    "Q2": 1.0159798304913663,
    "Q3": 0.8925129892150312,
    "SLOPE": 746.1406706333347,
    "SN": 0.19959046539879344
}