{
    "GAUGE_LENGTH": 25.0,
    "GAUGE_DIAMETER": 4.0,
    "CONN_DIAMETER": 5.0,
    "SPECIMEN_LENGTH": 72.0,
    "ROUND_RADIUS": 3.0,
    "THREADED_LENGTH": 15,
    "MAX_DISPLACEMENT": 2.210208375,
    "YIELD_STRESS": 339.06,
    "MODULUS": 191860.44,
    "UTS_STRAIN": 0.039062714742356335,
    "UTS_STRESS": 518.89,
    "EN": 0.257330512626965,
    "F": 0.0014772344502415923,
    "FN": 0.07099480571928965,
    "Q1": 0.9029780264189932,
    "Q2": 0.9586223072448901,
    "Q3": 2.398732843433126,
    "SLOPE": 437.88861448581963,
    "SN": 0.16772257947748132
}