{
    "GAUGE_LENGTH": 25.0,
    "GAUGE_DIAMETER": 4.0,
    "CONN_DIAMETER": 5.0,
    "SPECIMEN_LENGTH": 72.0,
    "ROUND_RADIUS": 3.0,
    "THREADED_LENGTH": 15,
    "MAX_DISPLACEMENT": 2.210208375,
    "YIELD_STRESS": 339.06,
    "MODULUS": 191860.44,
    "UTS_STRAIN": 0.039062714742356335,
    "UTS_STRESS": 518.89,
    "EN": 0.3556368544054917,
    "F": 0.0013065666263533994,
    "FN": 0.07791269868440164,
    "Q1": 1.2112960295391415,
    "Q2": 0.9689451252147726,
    "Q3": 2.4500329405624752,
    "SLOPE": 147.9042067577514,
    "SN": 0.18269828368714308
}