{
    "GAUGE_LENGTH": 25.0,
    "GAUGE_DIAMETER": 4.0,
    "CONN_DIAMETER": 5.0,
    "SPECIMEN_LENGTH": 72.0,
    "ROUND_RADIUS": 3.0,
    "THREADED_LENGTH": 15,
    "MAX_DISPLACEMENT": 2.210208375,
    "YIELD_STRESS": 339.06,
    "MODULUS": 191860.44,
    "UTS_STRAIN": 0.039062714742356335,
    "UTS_STRESS": 518.89,
    "EN": 0.3901918278964122,
    "F": 0.0014044978410972621,
    "FN": 0.05272869004875129,
    "Q1": 1.5203573607525072,
    "Q2": 1.082126094316043,
    "Q3": 2.267953724003076,
    "SLOPE": 52.3069333566817,
    "SN": 0.10883300083591133
}