{
    "GAUGE_LENGTH": 25.0,
    "GAUGE_DIAMETER": 4.0,
    "CONN_DIAMETER": 5.0,
    "SPECIMEN_LENGTH": 72.0,
    "ROUND_RADIUS": 3.0,
    "THREADED_LENGTH": 15,
    "MAX_DISPLACEMENT": 2.210208375,
    "YIELD_STRESS": 339.06,
    "MODULUS": 191860.44,
    "UTS_STRAIN": 0.039062714742356335,
    "UTS_STRESS": 518.89,
    "EN": 0.26563386419950175,
    "F": 0.0014450450067322795,
    "FN": 0.035557284053138155,
    "Q1": 1.3171295741387872,
    "Q2": 0.9767265863485312,
    "Q3": 0.8318805540531019,
    "SLOPE": 162.33317918948148,
    "SN": 0.10599964250950518
}