{
    "GAUGE_LENGTH": 25.0,
    "GAUGE_DIAMETER": 4.0,
    "CONN_DIAMETER": 5.0,
    "SPECIMEN_LENGTH": 72.0,
    "ROUND_RADIUS": 3.0,
    "THREADED_LENGTH": 15,
    "MAX_DISPLACEMENT": 2.210208375,
    "YIELD_STRESS": 339.06,
    "MODULUS": 191860.44,
    "UTS_STRAIN": 0.039062714742356335,
    "UTS_STRESS": 518.89,
    "EN": 0.2643539232348878,
    "F": 0.0013896621958997663,
    "FN": 0.06850044514197244,
    "Q1": 1.5347240113406793,
    "Q2": 1.0357105111775957,
    "Q3": 2.504911485118731,
    "SLOPE": 628.7235926335912,
    "SN": 0.1986990044725908
}