{
    "GAUGE_LENGTH": 25.0,
    "GAUGE_DIAMETER": 4.0,
    "CONN_DIAMETER": 5.0,
    "SPECIMEN_LENGTH": 72.0,
    "ROUND_RADIUS": 3.0,
    "THREADED_LENGTH": 15,
    "MAX_DISPLACEMENT": 2.210208375,
    "YIELD_STRESS": 339.06,
    "MODULUS": 191860.44,
    "UTS_STRAIN": 0.039062714742356335,
    "UTS_STRESS": 518.89,
    "EN": 0.32306603405548673,
    "F": 0.0014773902306854407,
    "FN": 0.08973659694132385,
    "Q1": 1.2068437616663403,
    "Q2": 1.0868910963328258,
    "Q3": 0.9954373383909123,
    "SLOPE": 106.63136432329308,
    "SN": 0.19754632983466536
}