{
    "GAUGE_LENGTH": 25.0,
    "GAUGE_DIAMETER": 4.0,
    "CONN_DIAMETER": 5.0,
    "SPECIMEN_LENGTH": 72.0,
    "ROUND_RADIUS": 3.0,
    "THREADED_LENGTH": 15,
    "MAX_DISPLACEMENT": 2.86693342,
    "YIELD_STRESS": 297.22,
    "MODULUS": 168909.05,
    "UTS_STRAIN": 0.10736711308623226,
    "UTS_STRESS": 674.372,
    "Q1": 1.6,
    "Q2": 0.9,
    "Q3": 2.5600000000000005,
    "EN": 0.4,
    "SN": 0.1,
    "FN": 0.03,
    "F": 0.0015,
    "SLOPE": 1059.361788552612
}