{
    "GAUGE_LENGTH": 25.0,
    "GAUGE_DIAMETER": 4.0,
    "CONN_DIAMETER": 5.0,
    "SPECIMEN_LENGTH": 72.0,
    "ROUND_RADIUS": 3.0,
    "THREADED_LENGTH": 15,
    "MAX_DISPLACEMENT": 2.86693342,
    "YIELD_STRESS": 297.22,
    "MODULUS": 168909.05,
    "UTS_STRAIN": 0.10736711308623226,
    "UTS_STRESS": 674.372,
    "EN": 0.33892837041979385,
    "F": 0.0014257182399787815,
    "FN": 0.07478398023220278,
    "Q1": 0.9159871719027188,
    "Q2": 1.0200508497759013,
    "Q3": 2.094323479782393,
    "SLOPE": 143.70876384855927,
    "SN": 0.18793896023716572
}