{
    "GAUGE_LENGTH": 25.0,
    "GAUGE_DIAMETER": 4.0,
    "CONN_DIAMETER": 5.0,
    "SPECIMEN_LENGTH": 72.0,
    "ROUND_RADIUS": 3.0,
    "THREADED_LENGTH": 15,
    "MAX_DISPLACEMENT": 2.86693342,
    "YIELD_STRESS": 297.22,
    "MODULUS": 168909.05,
    "UTS_STRAIN": 0.10736711308623226,
    "UTS_STRESS": 674.372,
    "EN": 0.30719203660964023,
    "F": 0.0013902141909391506,
    "FN": 0.04544368870251971,
    "Q1": 0.9179493909594307,
    "Q2": 0.9365866740985396,
    "Q3": 1.6129723691574238,
    "SLOPE": 0.06087373029660684,
    "SN": 0.18692443224384972
}