{
    "GAUGE_LENGTH": 25.0,
    "GAUGE_DIAMETER": 4.0,
    "CONN_DIAMETER": 5.0,
    "SPECIMEN_LENGTH": 72.0,
    "ROUND_RADIUS": 3.0,
    "THREADED_LENGTH": 15,
    "MAX_DISPLACEMENT": 2.86693342,
    "YIELD_STRESS": 297.22,
    "MODULUS": 168909.05,
    "UTS_STRAIN": 0.10736711308623226,
    "UTS_STRESS": 674.372,
    "EN": 0.37412721047111175,
    "F": 0.001431810186279866,
    "FN": 0.08150408797195412,
    "Q1": 0.9146203844997602,
    "Q2": 0.9929225516835694,
    "Q3": 2.15941919060832,
    "SLOPE": 143.69747276026328,
    "SN": 0.14869519973063014
}