{
    "GAUGE_LENGTH": 25.0,
    "GAUGE_DIAMETER": 4.0,
    "CONN_DIAMETER": 5.0,
    "SPECIMEN_LENGTH": 72.0,
    "ROUND_RADIUS": 3.0,
    "THREADED_LENGTH": 15,
    "MAX_DISPLACEMENT": 2.86693342,
    "YIELD_STRESS": 297.22,
    "MODULUS": 168909.05,
    "UTS_STRAIN": 0.10736711308623226,
    "UTS_STRESS": 674.372,
    "EN": 0.2717292597940168,
    "F": 0.0013581826511905076,
    "FN": 0.07390677519414385,
    "Q1": 1.159768737022957,
    "Q2": 1.0976405208249393,
    "Q3": 2.3318510247116135,
    "SLOPE": 143.83486771231205,
    "SN": 0.15428508386751436
}