{
    "GAUGE_LENGTH": 25.0,
    "GAUGE_DIAMETER": 4.0,
    "CONN_DIAMETER": 5.0,
    "SPECIMEN_LENGTH": 72.0,
    "ROUND_RADIUS": 3.0,
    "THREADED_LENGTH": 15,
    "MAX_DISPLACEMENT": 2.86693342,
    "YIELD_STRESS": 297.22,
    "MODULUS": 168909.05,
    "UTS_STRAIN": 0.10736711308623226,
    "UTS_STRESS": 674.372,
    "EN": 0.3069165715623331,
    "F": 0.0014753112307245662,
    "FN": 0.040248488983946146,
    "Q1": 1.0873029534274243,
    "Q2": 0.9006810007498278,
    "Q3": 2.187647466281451,
    "SLOPE": 143.81389943135594,
    "SN": 0.14037095690452137
}