{
    "GAUGE_LENGTH": 25.0,
    "GAUGE_DIAMETER": 4.0,
    "CONN_DIAMETER": 5.0,
    "SPECIMEN_LENGTH": 72.0,
    "ROUND_RADIUS": 3.0,
    "THREADED_LENGTH": 15,
    "MAX_DISPLACEMENT": 2.86693342,
    "YIELD_STRESS": 297.22,
    "MODULUS": 168909.05,
    "UTS_STRAIN": 0.10736711308623226,
    "UTS_STRESS": 674.372,
    "EN": 0.3686621294671503,
    "F": 0.001453248889800163,
    "FN": 0.03544954220396942,
    "Q1": 0.9562236816382709,
    "Q2": 0.9220425982827576,
    "Q3": 2.429644089473708,
    "SLOPE": 0.11473443902895139,
    "SN": 0.19129289110514883
}