{
    "GAUGE_LENGTH": 25.0,
    "GAUGE_DIAMETER": 4.0,
    "CONN_DIAMETER": 5.0,
    "SPECIMEN_LENGTH": 72.0,
    "ROUND_RADIUS": 3.0,
    "THREADED_LENGTH": 15,
    "MAX_DISPLACEMENT": 2.86693342,
    "YIELD_STRESS": 297.22,
    "MODULUS": 168909.05,
    "UTS_STRAIN": 0.10736711308623226,
    "UTS_STRESS": 674.372,
    "EN": 0.3701314939952325,
    "F": 0.00142280604994852,
    "FN": 0.04816576986379972,
    "Q1": 1.566534042885004,
    "Q2": 0.9736035632518524,
    "Q3": 1.13988777584672,
    "SLOPE": 842.1938243013198,
    "SN": 0.1149513820287014
}