{
    "GAUGE_LENGTH": 25.0,
    "GAUGE_DIAMETER": 4.0,
    "CONN_DIAMETER": 5.0,
    "SPECIMEN_LENGTH": 72.0,
    "ROUND_RADIUS": 3.0,
    "THREADED_LENGTH": 15,
    "MAX_DISPLACEMENT": 2.86693342,
    "YIELD_STRESS": 297.22,
    "MODULUS": 168909.05,
    "UTS_STRAIN": 0.10736711308623226,
    "UTS_STRESS": 674.372,
    "EN": 0.32065256688922184,
    "F": 0.0014258274598145583,
    "FN": 0.03657188044818363,
    "Q1": 1.1235171166920412,
    "Q2": 0.9970583880157308,
    "Q3": 0.9919040830219595,
    "SLOPE": 0.023659222919631826,
    "SN": 0.149664329023872
}