{
    "GAUGE_LENGTH": 25.0,
    "GAUGE_DIAMETER": 4.0,
    "CONN_DIAMETER": 5.0,
    "SPECIMEN_LENGTH": 72.0,
    "ROUND_RADIUS": 3.0,
    "THREADED_LENGTH": 15,
    "MAX_DISPLACEMENT": 2.86693342,
    "YIELD_STRESS": 297.22,
    "MODULUS": 168909.05,
    "UTS_STRAIN": 0.10736711308623226,
    "UTS_STRESS": 674.372,
    "EN": 0.2591009272266017,
    "F": 0.0014721314628208945,
    "FN": 0.05648955127806337,
    "Q1": 0.925450882948069,
    "Q2": 0.9738499438892543,
    "Q3": 2.0892536061558578,
    "SLOPE": 143.59107403778535,
    "SN": 0.13259862457389823
}