{
    "GAUGE_LENGTH": 25.0,
    "GAUGE_DIAMETER": 4.0,
    "CONN_DIAMETER": 5.0,
    "SPECIMEN_LENGTH": 72.0,
    "ROUND_RADIUS": 3.0,
    "THREADED_LENGTH": 15,
    "MAX_DISPLACEMENT": 2.86693342,
    "YIELD_STRESS": 297.22,
    "MODULUS": 168909.05,
    "UTS_STRAIN": 0.10736711308623226,
    "UTS_STRESS": 674.372,
    "EN": 0.3914362430528342,
    "F": 0.0014765810974938759,
    "FN": 0.06684200941435683,
    "Q1": 1.1175926889988117,
    "Q2": 0.991120140795294,
    "Q3": 2.4458285090230425,
    "SLOPE": 143.82800910021095,
    "SN": 0.12049653640226646
}