{
    "GAUGE_LENGTH": 25.0,
    "GAUGE_DIAMETER": 4.0,
    "CONN_DIAMETER": 5.0,
    "SPECIMEN_LENGTH": 72.0,
    "ROUND_RADIUS": 3.0,
    "THREADED_LENGTH": 15,
    "MAX_DISPLACEMENT": 2.86693342,
    "YIELD_STRESS": 297.22,
    "MODULUS": 168909.05,
    "UTS_STRAIN": 0.10736711308623226,
    "UTS_STRESS": 674.372,
    "EN": 0.27405227464325166,
    "F": 0.0013779351832855736,
    "FN": 0.07561995684428227,
    "Q1": 1.037336106408033,
    "Q2": 0.9413563490468767,
    "Q3": 2.2368624089858016,
    "SLOPE": 143.62673736478945,
    "SN": 0.1733681436450283
}