{
    "GAUGE_LENGTH": 25.0,
    "GAUGE_DIAMETER": 4.0,
    "CONN_DIAMETER": 5.0,
    "SPECIMEN_LENGTH": 72.0,
    "ROUND_RADIUS": 3.0,
    "THREADED_LENGTH": 15,
    "MAX_DISPLACEMENT": 2.86693342,
    "YIELD_STRESS": 297.22,
    "MODULUS": 168909.05,
    "UTS_STRAIN": 0.10736711308623226,
    "UTS_STRESS": 674.372,
    "EN": 0.28276898026976727,
    "F": 0.0013610494441937137,
    "FN": 0.06748969563061677,
    "Q1": 1.1814204637406793,
    "Q2": 0.9967582715152341,
    "Q3": 1.7172819480080184,
    "SLOPE": 1058.8120075509619,
    "SN": 0.11895486434308052
}