{
    "GAUGE_LENGTH": 25.0,
    "GAUGE_DIAMETER": 4.0,
    "CONN_DIAMETER": 5.0,
    "SPECIMEN_LENGTH": 72.0,
    "ROUND_RADIUS": 3.0,
    "THREADED_LENGTH": 15,
    "MAX_DISPLACEMENT": 2.86693342,
    "YIELD_STRESS": 297.22,
    "MODULUS": 168909.05,
    "UTS_STRAIN": 0.10736711308623226,
    "UTS_STRESS": 674.372,
    "EN": 0.2965028633600126,
    "F": 0.00141876089648553,
    "FN": 0.03645687086207078,
    "Q1": 1.1255111848904242,
    "Q2": 0.9294196769048473,
    "Q3": 2.344269532022607,
    "SLOPE": 143.82117342032626,
    "SN": 0.1613090956144994
}