{
    "GAUGE_LENGTH": 25.0,
    "GAUGE_DIAMETER": 4.0,
    "CONN_DIAMETER": 5.0,
    "SPECIMEN_LENGTH": 72.0,
    "ROUND_RADIUS": 3.0,
    "THREADED_LENGTH": 15,
    "MAX_DISPLACEMENT": 2.86693342,
    "YIELD_STRESS": 297.22,
    "MODULUS": 168909.05,
    "UTS_STRAIN": 0.10736711308623226,
    "UTS_STRESS": 674.372,
    "EN": 0.3994930918388737,
    "F": 0.0013058653840584858,
    "FN": 0.042764535172105975,
    "Q1": 1.2161170072642986,
    "Q2": 0.9280110888940933,
    "Q3": 2.2777862030962583,
    "SLOPE": 143.77306435642683,
    "SN": 0.13705633998761094
}