{
    "GAUGE_LENGTH": 25.0,
    "GAUGE_DIAMETER": 4.0,
    "CONN_DIAMETER": 5.0,
    "SPECIMEN_LENGTH": 72.0,
    "ROUND_RADIUS": 3.0,
    "THREADED_LENGTH": 15,
    "MAX_DISPLACEMENT": 2.86693342,
    "YIELD_STRESS": 297.22,
    "MODULUS": 168909.05,
    "UTS_STRAIN": 0.10736711308623226,
    "UTS_STRESS": 674.372,
    "EN": 0.39885329654686663,
    "F": 0.0013699942505523656,
    "FN": 0.06993722934195166,
    "Q1": 1.1479761928691257,
    "Q2": 1.0237664346381006,
    "Q3": 2.022739726234373,
    "SLOPE": 143.8699438329222,
    "SN": 0.17890475494562597
}