{
    "GAUGE_LENGTH": 25.0,
    "GAUGE_DIAMETER": 4.0,
    "CONN_DIAMETER": 5.0,
    "SPECIMEN_LENGTH": 72.0,
    "ROUND_RADIUS": 3.0,
    "THREADED_LENGTH": 15,
    "MAX_DISPLACEMENT": 2.86693342,
    "YIELD_STRESS": 297.22,
    "MODULUS": 168909.05,
    "UTS_STRAIN": 0.10736711308623226,
    "UTS_STRESS": 674.372,
    "EN": 0.36009742959939434,
    "F": 0.0014473809032759957,
    "FN": 0.04549017290524436,
    "Q1": 1.2154190006832883,
    "Q2": 0.9814535813509098,
    "Q3": 2.1335047988841422,
    "SLOPE": 369.8529332281341,
    "SN": 0.12171119698150176
}