{
    "GAUGE_LENGTH": 25.0,
    "GAUGE_DIAMETER": 4.0,
    "CONN_DIAMETER": 5.0,
    "SPECIMEN_LENGTH": 72.0,
    "ROUND_RADIUS": 3.0,
    "THREADED_LENGTH": 15,
    "MAX_DISPLACEMENT": 2.86693342,
    "YIELD_STRESS": 297.22,
    "MODULUS": 168909.05,
    "UTS_STRAIN": 0.10736711308623226,
    "UTS_STRESS": 674.372,
    "EN": 0.306587064204921,
    "F": 0.0014215685646994068,
    "FN": 0.050484672691071444,
    "Q1": 0.9838833215754204,
    "Q2": 0.957969173716901,
    "Q3": 1.1562702939502367,
    "SLOPE": 23.45442732685134,
    "SN": 0.14587077177082808
}