{
    "GAUGE_LENGTH": 25.0,
    "GAUGE_DIAMETER": 4.0,
    "CONN_DIAMETER": 5.0,
    "SPECIMEN_LENGTH": 72.0,
    "ROUND_RADIUS": 3.0,
    "THREADED_LENGTH": 15,
    "MAX_DISPLACEMENT": 2.86693342,
    "YIELD_STRESS": 297.22,
    "MODULUS": 168909.05,
    "UTS_STRAIN": 0.10736711308623226,
    "UTS_STRESS": 674.372,
    "EN": 0.27652316281961403,
    "F": 0.001377698458240328,
    "FN": 0.04160850232829418,
    "Q1": 0.9638960187403727,
    "Q2": 0.9085446096231116,
    "Q3": 1.721524180699522,
    "SLOPE": 42.76976797363169,
    "SN": 0.1372440672263933
}