{
    "GAUGE_LENGTH": 25.0,
    "GAUGE_DIAMETER": 4.0,
    "CONN_DIAMETER": 5.0,
    "SPECIMEN_LENGTH": 72.0,
    "ROUND_RADIUS": 3.0,
    "THREADED_LENGTH": 15,
    "MAX_DISPLACEMENT": 2.86693342,
    "YIELD_STRESS": 297.22,
    "MODULUS": 168909.05,
    "UTS_STRAIN": 0.10736711308623226,
    "UTS_STRESS": 674.372,
    "EN": 0.28366802905879207,
    "F": 0.0014694980333868836,
    "FN": 0.07462984146609514,
    "Q1": 1.0092518925405503,
    "Q2": 0.9364214972602636,
    "Q3": 2.166444841586216,
    "SLOPE": 44.640482198089394,
    "SN": 0.10078475183550498
}