{
    "GAUGE_LENGTH": 25.0,
    "GAUGE_DIAMETER": 4.0,
    "CONN_DIAMETER": 5.0,
    "SPECIMEN_LENGTH": 72.0,
    "ROUND_RADIUS": 3.0,
    "THREADED_LENGTH": 15,
    "MAX_DISPLACEMENT": 2.86693342,
    "YIELD_STRESS": 297.22,
    "MODULUS": 168909.05,
    "UTS_STRAIN": 0.10736711308623226,
    "UTS_STRESS": 674.372,
    "EN": 0.26007222731903057,
    "F": 0.001423821326881937,
    "FN": 0.0715512856641459,
    "Q1": 1.04275555824958,
    "Q2": 0.9611649312928273,
    "Q3": 2.21415244324825,
    "SLOPE": 40.01683987553969,
    "SN": 0.11569041785878481
}