{
    "GAUGE_LENGTH": 25.0,
    "GAUGE_DIAMETER": 4.0,
    "CONN_DIAMETER": 5.0,
    "SPECIMEN_LENGTH": 72.0,
    "ROUND_RADIUS": 3.0,
    "THREADED_LENGTH": 15,
    "MAX_DISPLACEMENT": 2.86693342,
    "YIELD_STRESS": 297.22,
    "MODULUS": 168909.05,
    "UTS_STRAIN": 0.10736711308623226,
    "UTS_STRESS": 674.372,
    "EN": 0.3204939551933186,
    "F": 0.0014352239953281695,
    "FN": 0.071834137884869,
    "Q1": 0.943484202746022,
    "Q2": 0.9501512730982982,
    "Q3": 1.2812089149586707,
    "SLOPE": 33.711805430436094,
    "SN": 0.13113180915960695
}