{
    "GAUGE_LENGTH": 25.0,
    "GAUGE_DIAMETER": 4.0,
    "CONN_DIAMETER": 5.0,
    "SPECIMEN_LENGTH": 72.0,
    "ROUND_RADIUS": 3.0,
    "THREADED_LENGTH": 15,
    "MAX_DISPLACEMENT": 2.86693342,
    "YIELD_STRESS": 297.22,
    "MODULUS": 168909.05,
    "UTS_STRAIN": 0.10736711308623226,
    "UTS_STRESS": 674.372,
    "EN": 0.2775428484192773,
    "F": 0.0014092566991158932,
    "FN": 0.06390479340053247,
    "Q1": 1.233106658806416,
    "Q2": 0.9931458481283529,
    "Q3": 1.7728215593245766,
    "SLOPE": 466.67511279521216,
    "SN": 0.12616765581101433
}