{
    "GAUGE_LENGTH": 25.0,
    "GAUGE_DIAMETER": 4.0,
    "CONN_DIAMETER": 5.0,
    "SPECIMEN_LENGTH": 72.0,
    "ROUND_RADIUS": 3.0,
    "THREADED_LENGTH": 15,
    "MAX_DISPLACEMENT": 2.86693342,
    "YIELD_STRESS": 297.22,
    "MODULUS": 168909.05,
    "UTS_STRAIN": 0.10736711308623226,
    "UTS_STRESS": 674.372,
    "EN": 0.2542261661481593,
    "F": 0.0013896638917594603,
    "FN": 0.059400340047764656,
    "Q1": 1.015896733409651,
    "Q2": 0.9106124262742603,
    "Q3": 1.327331662701105,
    "SLOPE": 31.244207083263525,
    "SN": 0.10964818867800813
}