{
    "GAUGE_LENGTH": 25.0,
    "GAUGE_DIAMETER": 4.0,
    "CONN_DIAMETER": 5.0,
    "SPECIMEN_LENGTH": 72.0,
    "ROUND_RADIUS": 3.0,
    "THREADED_LENGTH": 15,
    "MAX_DISPLACEMENT": 2.86693342,
    "YIELD_STRESS": 297.22,
    "MODULUS": 168909.05,
    "UTS_STRAIN": 0.10736711308623226,
    "UTS_STRESS": 674.372,
    "EN": 0.29755741383892265,
    "F": 0.0014125298438036607,
    "FN": 0.030444170361545394,
    "Q1": 0.9901701824965807,
    "Q2": 0.9911329537881465,
    "Q3": 1.8010602509856681,
    "SLOPE": 46.26168200705651,
    "SN": 0.17705652666094493
}