{
    "GAUGE_LENGTH": 25.0,
    "GAUGE_DIAMETER": 4.0,
    "CONN_DIAMETER": 5.0,
    "SPECIMEN_LENGTH": 72.0,
    "ROUND_RADIUS": 3.0,
    "THREADED_LENGTH": 15,
    "MAX_DISPLACEMENT": 2.86693342,
    "YIELD_STRESS": 297.22,
    "MODULUS": 168909.05,
    "UTS_STRAIN": 0.10736711308623226,
    "UTS_STRESS": 674.372,
    "EN": 0.32719362408777275,
    "F": 0.0013516116185218186,
    "FN": 0.07506827416925524,
    "Q1": 0.9028537610509573,
    "Q2": 0.9518485924892329,
    "Q3": 1.552476783014336,
    "SLOPE": 44.341114840039566,
    "SN": 0.15008223989420802
}