{
    "GAUGE_LENGTH": 25.0,
    "GAUGE_DIAMETER": 4.0,
    "CONN_DIAMETER": 5.0,
    "SPECIMEN_LENGTH": 72.0,
    "ROUND_RADIUS": 3.0,
    "THREADED_LENGTH": 15,
    "MAX_DISPLACEMENT": 2.86693342,
    "YIELD_STRESS": 297.22,
    "MODULUS": 168909.05,
    "UTS_STRAIN": 0.10736711308623226,
    "UTS_STRESS": 674.372,
    "EN": 0.2921857568037246,
    "F": 0.001448337805922025,
    "FN": 0.06416070615729162,
    "Q1": 1.489556248726259,
    "Q2": 0.9460552005017026,
    "Q3": 2.0578240557249003,
    "SLOPE": 540.4901031036661,
    "SN": 0.10764644844077269
}