{
    "GAUGE_LENGTH": 25.0,
    "GAUGE_DIAMETER": 4.0,
    "CONN_DIAMETER": 5.0,
    "SPECIMEN_LENGTH": 72.0,
    "ROUND_RADIUS": 3.0,
    "THREADED_LENGTH": 15,
    "MAX_DISPLACEMENT": 2.86693342,
    "YIELD_STRESS": 297.22,
    "MODULUS": 168909.05,
    "UTS_STRAIN": 0.10736711308623226,
    "UTS_STRESS": 674.372,
    "EN": 0.30901395148962885,
    "F": 0.0013823539722160898,
    "FN": 0.06056038219605101,
    "Q1": 0.9515351068810458,
    "Q2": 0.9274231087626587,
    "Q3": 1.5538965602315935,
    "SLOPE": 17.038285979759685,
    "SN": 0.10426643025019189
}