{
    "GAUGE_LENGTH": 25.0,
    "GAUGE_DIAMETER": 4.0,
    "CONN_DIAMETER": 5.0,
    "SPECIMEN_LENGTH": 72.0,
    "ROUND_RADIUS": 3.0,
    "THREADED_LENGTH": 15,
    "MAX_DISPLACEMENT": 2.86693342,
    "YIELD_STRESS": 297.22,
    "MODULUS": 168909.05,
    "UTS_STRAIN": 0.10736711308623226,
    "UTS_STRESS": 674.372,
    "EN": 0.30336704569696277,
    "F": 0.0013897476376864514,
    "FN": 0.08864078062997943,
    "Q1": 0.9712627333516186,
    "Q2": 0.9020228197787642,
    "Q3": 1.4891902467331604,
    "SLOPE": 14.12946089971377,
    "SN": 0.12088916059563919
}