{
    "GAUGE_LENGTH": 25.0,
    "GAUGE_DIAMETER": 4.0,
    "CONN_DIAMETER": 5.0,
    "SPECIMEN_LENGTH": 72.0,
    "ROUND_RADIUS": 3.0,
    "THREADED_LENGTH": 15,
    "MAX_DISPLACEMENT": 2.86693342,
    "YIELD_STRESS": 297.22,
    "MODULUS": 168909.05,
    "UTS_STRAIN": 0.10736711308623226,
    "UTS_STRESS": 674.372,
    "EN": 0.30118016843085493,
    "F": 0.00145995384253168,
    "FN": 0.03357600776248631,
    "Q1": 1.2750664086611758,
    "Q2": 0.9003538748063603,
    "Q3": 0.9986864716776882,
    "SLOPE": 0.04509860927175723,
    "SN": 0.15225753174870077
}