{
    "GAUGE_LENGTH": 25.0,
    "GAUGE_DIAMETER": 4.0,
    "CONN_DIAMETER": 5.0,
    "SPECIMEN_LENGTH": 72.0,
    "ROUND_RADIUS": 3.0,
    "THREADED_LENGTH": 15,
    "MAX_DISPLACEMENT": 2.86693342,
    "YIELD_STRESS": 297.22,
    "MODULUS": 168909.05,
    "UTS_STRAIN": 0.10736711308623226,
    "UTS_STRESS": 674.372,
    "EN": 0.3103508356055619,
    "F": 0.0013348890161529105,
    "FN": 0.036890551473014184,
    "Q1": 0.9182768307980306,
    "Q2": 1.0022820330819573,
    "Q3": 1.953691851582921,
    "SLOPE": 23.644160185083802,
    "SN": 0.1336800449645915
}