{
    "GAUGE_LENGTH": 25.0,
    "GAUGE_DIAMETER": 4.0,
    "CONN_DIAMETER": 5.0,
    "SPECIMEN_LENGTH": 72.0,
    "ROUND_RADIUS": 3.0,
    "THREADED_LENGTH": 15,
    "MAX_DISPLACEMENT": 2.86693342,
    "YIELD_STRESS": 297.22,
    "MODULUS": 168909.05,
    "UTS_STRAIN": 0.10736711308623226,
    "UTS_STRESS": 674.372,
    "EN": 0.35057012652676034,
    "F": 0.0013834609604734254,
    "FN": 0.06352138970674509,
    "Q1": 0.9982708570166636,
    "Q2": 0.9396202978169758,
    "Q3": 2.21130299518219,
    "SLOPE": 1025.7393146408715,
    "SN": 0.1313424178159243
}