{
    "GAUGE_LENGTH": 25.0,
    "GAUGE_DIAMETER": 4.0,
    "CONN_DIAMETER": 5.0,
    "SPECIMEN_LENGTH": 72.0,
    "ROUND_RADIUS": 3.0,
    "THREADED_LENGTH": 15,
    "MAX_DISPLACEMENT": 2.86693342,
    "YIELD_STRESS": 297.22,
    "MODULUS": 168909.05,
    "UTS_STRAIN": 0.10736711308623226,
    "UTS_STRESS": 674.372,
    "EN": 0.28966642695697503,
    "F": 0.0014632185507872538,
    "FN": 0.0784762434796526,
    "Q1": 1.0934872141476815,
    "Q2": 1.068350457715051,
    "Q3": 1.7578877107017752,
    "SLOPE": 173.00520519196618,
    "SN": 0.14977313996714114
}