{
    "GAUGE_LENGTH": 25.0,
    "GAUGE_DIAMETER": 4.0,
    "CONN_DIAMETER": 5.0,
    "SPECIMEN_LENGTH": 72.0,
    "ROUND_RADIUS": 3.0,
    "THREADED_LENGTH": 15,
    "MAX_DISPLACEMENT": 2.86693342,
    "YIELD_STRESS": 297.22,
    "MODULUS": 168909.05,
    "UTS_STRAIN": 0.10736711308623226,
    "UTS_STRESS": 674.372,
    "EN": 0.2511489131012827,
    "F": 0.0013417693594045999,
    "FN": 0.08039136282709915,
    "Q1": 0.9126995564899385,
    "Q2": 1.0227468553757026,
    "Q3": 1.0462025303214644,
    "SLOPE": 4.275452845138335,
    "SN": 0.15576040735184446
}