{
    "GAUGE_LENGTH": 25.0,
    "GAUGE_DIAMETER": 4.0,
    "CONN_DIAMETER": 5.0,
    "SPECIMEN_LENGTH": 72.0,
    "ROUND_RADIUS": 3.0,
    "THREADED_LENGTH": 15,
    "MAX_DISPLACEMENT": 2.86693342,
    "YIELD_STRESS": 297.22,
    "MODULUS": 168909.05,
    "UTS_STRAIN": 0.10736711308623226,
    "UTS_STRESS": 674.372,
    "EN": 0.28734480419638986,
    "F": 0.0014375768494395552,
    "FN": 0.07240404719555579,
    "Q1": 0.9828662866756044,
    "Q2": 1.0283683627533695,
    "Q3": 1.4545028027664708,
    "SLOPE": 11.820744450344074,
    "SN": 0.15170848252557934
}