{
    "GAUGE_LENGTH": 25.0,
    "GAUGE_DIAMETER": 4.0,
    "CONN_DIAMETER": 5.0,
    "SPECIMEN_LENGTH": 72.0,
    "ROUND_RADIUS": 3.0,
    "THREADED_LENGTH": 15,
    "MAX_DISPLACEMENT": 2.86693342,
    "YIELD_STRESS": 297.22,
    "MODULUS": 168909.05,
    "UTS_STRAIN": 0.10736711308623226,
    "UTS_STRESS": 674.372,
    "EN": 0.3617592431591359,
    "F": 0.0014119987336326453,
    "FN": 0.04726325183345919,
    "Q1": 0.9258533715609237,
    "Q2": 0.9059582105953713,
    "Q3": 1.4659150499102358,
    "SLOPE": 35.89312957576868,
    "SN": 0.14973968189032563
}