{
    "GAUGE_LENGTH": 25.0,
    "GAUGE_DIAMETER": 4.0,
    "CONN_DIAMETER": 5.0,
    "SPECIMEN_LENGTH": 72.0,
    "ROUND_RADIUS": 3.0,
    "THREADED_LENGTH": 15,
    "MAX_DISPLACEMENT": 2.86693342,
    "YIELD_STRESS": 297.22,
    "MODULUS": 168909.05,
    "UTS_STRAIN": 0.10736711308623226,
    "UTS_STRESS": 674.372,
    "EN": 0.2689641479535817,
    "F": 0.0013804562397070575,
    "FN": 0.08941420908428999,
    "Q1": 0.9028854054029051,
    "Q2": 1.0154369717341878,
    "Q3": 1.2558529071731568,
    "SLOPE": 13.304770086612171,
    "SN": 0.11458526187414723
}