{
    "GAUGE_LENGTH": 25.0,
    "GAUGE_DIAMETER": 4.0,
    "CONN_DIAMETER": 5.0,
    "SPECIMEN_LENGTH": 72.0,
    "ROUND_RADIUS": 3.0,
    "THREADED_LENGTH": 15,
    "MAX_DISPLACEMENT": 2.86693342,
    "YIELD_STRESS": 297.22,
    "MODULUS": 168909.05,
    "UTS_STRAIN": 0.10736711308623226,
    "UTS_STRESS": 674.372,
    "EN": 0.2946398101069995,
    "F": 0.0013866653074165829,
    "FN": 0.07391601529846727,
    "Q1": 1.1438091984932537,
    "Q2": 1.0206351761543297,
    "Q3": 1.9849674630483198,
    "SLOPE": 0.02853918080903344,
    "SN": 0.10414443212861084
}