{
    "GAUGE_LENGTH": 25.0,
    "GAUGE_DIAMETER": 4.0,
    "CONN_DIAMETER": 5.0,
    "SPECIMEN_LENGTH": 72.0,
    "ROUND_RADIUS": 3.0,
    "THREADED_LENGTH": 15,
    "MAX_DISPLACEMENT": 2.86693342,
    "YIELD_STRESS": 297.22,
    "MODULUS": 168909.05,
    "UTS_STRAIN": 0.10736711308623226,
    "UTS_STRESS": 674.372,
    "EN": 0.3270893866894271,
    "F": 0.0014087894841417932,
    "FN": 0.04301447097552893,
    "Q1": 0.9451577043425534,
    "Q2": 0.9703024643040373,
    "Q3": 2.366068891986351,
    "SLOPE": 0.07905688141418023,
    "SN": 0.1524269607036688
}