{
    "GAUGE_LENGTH": 25.0,
    "GAUGE_DIAMETER": 4.0,
    "CONN_DIAMETER": 5.0,
    "SPECIMEN_LENGTH": 72.0,
    "ROUND_RADIUS": 3.0,
    "THREADED_LENGTH": 15,
    "MAX_DISPLACEMENT": 2.86693342,
    "YIELD_STRESS": 297.22,
    "MODULUS": 168909.05,
    "UTS_STRAIN": 0.10736711308623226,
    "UTS_STRESS": 674.372,
    "EN": 0.2560693953535793,
    "F": 0.0014280460161251634,
    "FN": 0.039025611373294314,
    "Q1": 1.2788724245080458,
    "Q2": 1.0053871964474161,
    "Q3": 1.2174279477333552,
    "SLOPE": 0.013022276931946446,
    "SN": 0.15514637905204726
}