{
    "GAUGE_LENGTH": 25.0,
    "GAUGE_DIAMETER": 4.0,
    "CONN_DIAMETER": 5.0,
    "SPECIMEN_LENGTH": 72.0,
    "ROUND_RADIUS": 3.0,
    "THREADED_LENGTH": 15,
    "MAX_DISPLACEMENT": 2.86693342,
    "YIELD_STRESS": 297.22,
    "MODULUS": 168909.05,
    "UTS_STRAIN": 0.10736711308623226,
    "UTS_STRESS": 674.372,
    "EN": 0.3293904072751387,
    "F": 0.0014716492264327335,
    "FN": 0.07532363626887137,
    "Q1": 0.9884574117383761,
    "Q2": 0.9033876447955015,
    "Q3": 1.6539636104706315,
    "SLOPE": 17.13004702225191,
    "SN": 0.1647314767436791
}