{
    "GAUGE_LENGTH": 25.0,
    "GAUGE_DIAMETER": 4.0,
    "CONN_DIAMETER": 5.0,
    "SPECIMEN_LENGTH": 72.0,
    "ROUND_RADIUS": 3.0,
    "THREADED_LENGTH": 15,
    "MAX_DISPLACEMENT": 2.86693342,
    "YIELD_STRESS": 297.22,
    "MODULUS": 168909.05,
    "UTS_STRAIN": 0.10736711308623226,
    "UTS_STRESS": 674.372,
    "EN": 0.3429295362285214,
    "F": 0.0013711369057948658,
    "FN": 0.03395195228541855,
    "Q1": 1.071924388678403,
    "Q2": 0.9309231588421927,
    "Q3": 1.939392293751417,
    "SLOPE": 0.0561898000900339,
    "SN": 0.12134613719454669
}