{
    "GAUGE_LENGTH": 25.0,
    "GAUGE_DIAMETER": 4.0,
    "CONN_DIAMETER": 5.0,
    "SPECIMEN_LENGTH": 72.0,
    "ROUND_RADIUS": 3.0,
    "THREADED_LENGTH": 15,
    "MAX_DISPLACEMENT": 2.86693342,
    "YIELD_STRESS": 297.22,
    "MODULUS": 168909.05,
    "UTS_STRAIN": 0.10736711308623226,
    "UTS_STRESS": 674.372,
    "EN": 0.2957297432104882,
    "F": 0.0014890208439650647,
    "FN": 0.07873857673431003,
    "Q1": 0.9486960671035496,
    "Q2": 0.935182571558989,
    "Q3": 1.3931529817633943,
    "SLOPE": 33.83154929609366,
    "SN": 0.1606567729188247
}