{
    "GAUGE_LENGTH": 25.0,
    "GAUGE_DIAMETER": 4.0,
    "CONN_DIAMETER": 5.0,
    "SPECIMEN_LENGTH": 72.0,
    "ROUND_RADIUS": 3.0,
    "THREADED_LENGTH": 15,
    "MAX_DISPLACEMENT": 2.86693342,
    "YIELD_STRESS": 297.22,
    "MODULUS": 168909.05,
    "UTS_STRAIN": 0.10736711308623226,
    "UTS_STRESS": 674.372,
    "EN": 0.3231983619312173,
    "F": 0.0013639223401196495,
    "FN": 0.069526353108436,
    "Q1": 0.9113926749759532,
    "Q2": 1.0248571750114392,
    "Q3": 2.1156695949096056,
    "SLOPE": 0.0639608473374911,
    "SN": 0.15649404008303033
}