{
    "GAUGE_LENGTH": 25.0,
    "GAUGE_DIAMETER": 4.0,
    "CONN_DIAMETER": 5.0,
    "SPECIMEN_LENGTH": 72.0,
    "ROUND_RADIUS": 3.0,
    "THREADED_LENGTH": 15,
    "MAX_DISPLACEMENT": 2.86693342,
    "YIELD_STRESS": 297.22,
    "MODULUS": 168909.05,
    "UTS_STRAIN": 0.10736711308623226,
    "UTS_STRESS": 674.372,
    "EN": 0.3474707425645761,
    "F": 0.0014581025281686373,
    "FN": 0.048577559097259804,
    "Q1": 1.3246192622400113,
    "Q2": 0.986843029058465,
    "Q3": 1.6320172629943979,
    "SLOPE": 0.049345102468306395,
    "SN": 0.15059735386751397
}