{
    "GAUGE_LENGTH": 25.0,
    "GAUGE_DIAMETER": 4.0,
    "CONN_DIAMETER": 5.0,
    "SPECIMEN_LENGTH": 72.0,
    "ROUND_RADIUS": 3.0,
    "THREADED_LENGTH": 15,
    "MAX_DISPLACEMENT": 2.86693342,
    "YIELD_STRESS": 297.22,
    "MODULUS": 168909.05,
    "UTS_STRAIN": 0.10736711308623226,
    "UTS_STRESS": 674.372,
    "EN": 0.30303167675613196,
    "F": 0.001409293303406103,
    "FN": 0.04411196132126575,
    "Q1": 1.5317819758673377,
    "Q2": 0.909401022980632,
    "Q3": 2.2672061403749773,
    "SLOPE": 0.0015029079291491213,
    "SN": 0.13325646164677402
}