{
    "GAUGE_LENGTH": 25.0,
    "GAUGE_DIAMETER": 4.0,
    "CONN_DIAMETER": 5.0,
    "SPECIMEN_LENGTH": 72.0,
    "ROUND_RADIUS": 3.0,
    "THREADED_LENGTH": 15,
    "MAX_DISPLACEMENT": 2.86693342,
    "YIELD_STRESS": 297.22,
    "MODULUS": 168909.05,
    "UTS_STRAIN": 0.10736711308623226,
    "UTS_STRESS": 674.372,
    "EN": 0.3914584955453392,
    "F": 0.0013842849752936236,
    "FN": 0.03179250890065634,
    "Q1": 1.489408849300178,
    "Q2": 1.0725763805206467,
    "Q3": 0.9321375858463296,
    "SLOPE": 472.0988158733099,
    "SN": 0.17262193706769258
}