{
    "GAUGE_LENGTH": 25.0,
    "GAUGE_DIAMETER": 4.0,
    "CONN_DIAMETER": 5.0,
    "SPECIMEN_LENGTH": 72.0,
    "ROUND_RADIUS": 3.0,
    "THREADED_LENGTH": 15,
    "MAX_DISPLACEMENT": 2.86693342,
    "YIELD_STRESS": 297.22,
    "MODULUS": 168909.05,
    "UTS_STRAIN": 0.10736711308623226,
    "UTS_STRESS": 674.372,
    "EN": 0.29518590281856294,
    "F": 0.0013787531051850078,
    "FN": 0.06822451361763325,
    "Q1": 0.9082225008686433,
    "Q2": 1.0288568632743234,
    "Q3": 1.1501623871412554,
    "SLOPE": 0.011414715395180833,
    "SN": 0.12356851767779983
}