{
    "GAUGE_LENGTH": 25.0,
    "GAUGE_DIAMETER": 4.0,
    "CONN_DIAMETER": 5.0,
    "SPECIMEN_LENGTH": 72.0,
    "ROUND_RADIUS": 3.0,
    "THREADED_LENGTH": 15,
    "MAX_DISPLACEMENT": 2.86693342,
    "YIELD_STRESS": 297.22,
    "MODULUS": 168909.05,
    "UTS_STRAIN": 0.10736711308623226,
    "UTS_STRESS": 674.372,
    "EN": 0.3765562700828654,
    "F": 0.001346838068348328,
    "FN": 0.07752301639538797,
    "Q1": 1.1357444794161295,
    "Q2": 0.9982011008272331,
    "Q3": 1.1236810358955391,
    "SLOPE": 0.001249255107752159,
    "SN": 0.13230137318443008
}