{
    "GAUGE_LENGTH": 25.0,
    "GAUGE_DIAMETER": 4.0,
    "CONN_DIAMETER": 5.0,
    "SPECIMEN_LENGTH": 72.0,
    "ROUND_RADIUS": 3.0,
    "THREADED_LENGTH": 15,
    "MAX_DISPLACEMENT": 2.86693342,
    "YIELD_STRESS": 297.22,
    "MODULUS": 168909.05,
    "UTS_STRAIN": 0.10736711308623226,
    "UTS_STRESS": 674.372,
    "EN": 0.36849098537671143,
    "F": 0.0014206968946135785,
    "FN": 0.07601045247849521,
    "Q1": 1.0098040008142117,
    "Q2": 0.9399659754419253,
    "Q3": 2.2389067074708597,
    "SLOPE": 0.013778423147784127,
    "SN": 0.11126286009736525
}