{
    "GAUGE_LENGTH": 25.0,
    "GAUGE_DIAMETER": 4.0,
    "CONN_DIAMETER": 5.0,
    "SPECIMEN_LENGTH": 72.0,
    "ROUND_RADIUS": 3.0,
    "THREADED_LENGTH": 15,
    "MAX_DISPLACEMENT": 2.86693342,
    "YIELD_STRESS": 297.22,
    "MODULUS": 168909.05,
    "UTS_STRAIN": 0.10736711308623226,
    "UTS_STRESS": 674.372,
    "EN": 0.3901053147842742,
    "F": 0.0014216267715473684,
    "FN": 0.07414219672104076,
    "Q1": 0.9496322602482826,
    "Q2": 1.0026365845498093,
    "Q3": 2.0430803055218565,
    "SLOPE": 0.02462966556360354,
    "SN": 0.1828542869083207
}