{
    "GAUGE_LENGTH": 25.0,
    "GAUGE_DIAMETER": 4.0,
    "CONN_DIAMETER": 5.0,
    "SPECIMEN_LENGTH": 72.0,
    "ROUND_RADIUS": 3.0,
    "THREADED_LENGTH": 15,
    "MAX_DISPLACEMENT": 2.86693342,
    "YIELD_STRESS": 297.22,
    "MODULUS": 168909.05,
    "UTS_STRAIN": 0.10736711308623226,
    "UTS_STRESS": 674.372,
    "EN": 0.32895426762521884,
    "F": 0.001445368885913224,
    "FN": 0.06070850787173182,
    "Q1": 0.9450526304424487,
    "Q2": 0.9849392386954053,
    "Q3": 2.5288947745315626,
    "SLOPE": 0.028928172770583654,
    "SN": 0.18428152461378597
}