{
    "GAUGE_LENGTH": 25.0,
    "GAUGE_DIAMETER": 4.0,
    "CONN_DIAMETER": 5.0,
    "SPECIMEN_LENGTH": 72.0,
    "ROUND_RADIUS": 3.0,
    "THREADED_LENGTH": 15,
    "MAX_DISPLACEMENT": 2.86693342,
    "YIELD_STRESS": 297.22,
    "MODULUS": 168909.05,
    "UTS_STRAIN": 0.10736711308623226,
    "UTS_STRESS": 674.372,
    "EN": 0.25919425561729176,
    "F": 0.0014895102729360632,
    "FN": 0.0862341809115777,
    "Q1": 0.9095619102614401,
    "Q2": 0.9076184122379921,
    "Q3": 1.7845184966413798,
    "SLOPE": 20.86697735883484,
    "SN": 0.15906792958951954
}