{
    "GAUGE_LENGTH": 25.0,
    "GAUGE_DIAMETER": 4.0,
    "CONN_DIAMETER": 5.0,
    "SPECIMEN_LENGTH": 72.0,
    "ROUND_RADIUS": 3.0,
    "THREADED_LENGTH": 15,
    "MAX_DISPLACEMENT": 2.86693342,
    "YIELD_STRESS": 297.22,
    "MODULUS": 168909.05,
    "UTS_STRAIN": 0.10736711308623226,
    "UTS_STRESS": 674.372,
    "EN": 0.38842513352305147,
    "F": 0.0013622036779328587,
    "FN": 0.031811579030719454,
    "Q1": 1.2800366115020165,
    "Q2": 0.9024900099994904,
    "Q3": 2.50357966671645,
    "SLOPE": 0.009257912403564455,
    "SN": 0.14229274432988243
}