{
    "GAUGE_LENGTH": 25.0,
    "GAUGE_DIAMETER": 4.0,
    "CONN_DIAMETER": 5.0,
    "SPECIMEN_LENGTH": 72.0,
    "ROUND_RADIUS": 3.0,
    "THREADED_LENGTH": 15,
    "MAX_DISPLACEMENT": 2.86693342,
    "YIELD_STRESS": 297.22,
    "MODULUS": 168909.05,
    "UTS_STRAIN": 0.10736711308623226,
    "UTS_STRESS": 674.372,
    "EN": 0.2909044768513324,
    "F": 0.0013891212470725906,
    "FN": 0.04123703041251175,
    "Q1": 0.9135570450934006,
    "Q2": 1.0461403262734095,
    "Q3": 1.4618123662803475,
    "SLOPE": 9.00760592111487,
    "SN": 0.15261407742297106
}