{
    "GAUGE_LENGTH": 25.0,
    "GAUGE_DIAMETER": 4.0,
    "CONN_DIAMETER": 5.0,
    "SPECIMEN_LENGTH": 72.0,
    "ROUND_RADIUS": 3.0,
    "THREADED_LENGTH": 15,
    "MAX_DISPLACEMENT": 2.86693342,
    "YIELD_STRESS": 297.22,
    "MODULUS": 168909.05,
    "UTS_STRAIN": 0.10736711308623226,
    "UTS_STRESS": 674.372,
    "EN": 0.32527778673038443,
    "F": 0.0014951858651713354,
    "FN": 0.06914301308662646,
    "Q1": 1.1173346103218311,
    "Q2": 1.0589744776920618,
    "Q3": 2.5099944420911147,
    "SLOPE": 0.04363065486010361,
    "SN": 0.18522873160597825
}