{
    "GAUGE_LENGTH": 25.0,
    "GAUGE_DIAMETER": 4.0,
    "CONN_DIAMETER": 5.0,
    "SPECIMEN_LENGTH": 72.0,
    "ROUND_RADIUS": 3.0,
    "THREADED_LENGTH": 15,
    "MAX_DISPLACEMENT": 2.86693342,
    "YIELD_STRESS": 297.22,
    "MODULUS": 168909.05,
    "UTS_STRAIN": 0.10736711308623226,
    "UTS_STRESS": 674.372,
    "EN": 0.37575288289093417,
    "F": 0.001321920596805784,
    "FN": 0.08807273231866791,
    "Q1": 0.9148761190718195,
    "Q2": 0.9994167157841416,
    "Q3": 1.1153817241910577,
    "SLOPE": 0.0192694816945074,
    "SN": 0.14426722796293517
}