{
    "GAUGE_LENGTH": 25.0,
    "GAUGE_DIAMETER": 4.0,
    "CONN_DIAMETER": 5.0,
    "SPECIMEN_LENGTH": 72.0,
    "ROUND_RADIUS": 3.0,
    "THREADED_LENGTH": 15,
    "MAX_DISPLACEMENT": 2.86693342,
    "YIELD_STRESS": 297.22,
    "MODULUS": 168909.05,
    "UTS_STRAIN": 0.10736711308623226,
    "UTS_STRESS": 674.372,
    "EN": 0.2797343712747293,
    "F": 0.001339775598278147,
    "FN": 0.08867194816579482,
    "Q1": 1.1740760355833484,
    "Q2": 1.0270728903958568,
    "Q3": 1.2014122645456866,
    "SLOPE": 0.013842416012007239,
    "SN": 0.15960136310764145
}