{
    "GAUGE_LENGTH": 25.0,
    "GAUGE_DIAMETER": 4.0,
    "CONN_DIAMETER": 5.0,
    "SPECIMEN_LENGTH": 72.0,
    "ROUND_RADIUS": 3.0,
    "THREADED_LENGTH": 15,
    "MAX_DISPLACEMENT": 2.86693342,
    "YIELD_STRESS": 297.22,
    "MODULUS": 168909.05,
    "UTS_STRAIN": 0.10736711308623226,
    "UTS_STRESS": 674.372,
    "EN": 0.381256696764403,
    "F": 0.0013403078507062396,
    "FN": 0.06594704859292626,
    "Q1": 1.4481341803872119,
    "Q2": 1.001901541071162,
    "Q3": 0.8884366970300405,
    "SLOPE": 0.0574702112555585,
    "SN": 0.11869527811181739
}