{
    "GAUGE_LENGTH": 25.0,
    "GAUGE_DIAMETER": 4.0,
    "CONN_DIAMETER": 5.0,
    "SPECIMEN_LENGTH": 72.0,
    "ROUND_RADIUS": 3.0,
    "THREADED_LENGTH": 15,
    "MAX_DISPLACEMENT": 2.86693342,
    "YIELD_STRESS": 297.22,
    "MODULUS": 168909.05,
    "UTS_STRAIN": 0.10736711308623226,
    "UTS_STRESS": 674.372,
    "EN": 0.32515865443838127,
    "F": 0.0013481836368772922,
    "FN": 0.0590190968151989,
    "Q1": 1.1498862294287087,
    "Q2": 1.0154988616752516,
    "Q3": 2.3764681103982257,
    "SLOPE": 0.016232795309817347,
    "SN": 0.1905237887029005
}