{
    "GAUGE_LENGTH": 25.0,
    "GAUGE_DIAMETER": 4.0,
    "CONN_DIAMETER": 5.0,
    "SPECIMEN_LENGTH": 72.0,
    "ROUND_RADIUS": 3.0,
    "THREADED_LENGTH": 15,
    "MAX_DISPLACEMENT": 2.86693342,
    "YIELD_STRESS": 297.22,
    "MODULUS": 168909.05,
    "UTS_STRAIN": 0.10736711308623226,
    "UTS_STRESS": 674.372,
    "EN": 0.36893289920795524,
    "F": 0.0014480210559494825,
    "FN": 0.08124038372156059,
    "Q1": 0.9416310170337444,
    "Q2": 1.02661428716249,
    "Q3": 0.904535692096245,
    "SLOPE": 0.017891407445058988,
    "SN": 0.18920952517850342
}