{
    "GAUGE_LENGTH": 25.0,
    "GAUGE_DIAMETER": 4.0,
    "CONN_DIAMETER": 5.0,
    "SPECIMEN_LENGTH": 72.0,
    "ROUND_RADIUS": 3.0,
    "THREADED_LENGTH": 15,
    "MAX_DISPLACEMENT": 2.86693342,
    "YIELD_STRESS": 297.22,
    "MODULUS": 168909.05,
    "UTS_STRAIN": 0.10736711308623226,
    "UTS_STRESS": 674.372,
    "EN": 0.3436641959995708,
    "F": 0.0014565334614550255,
    "FN": 0.04076103166176976,
    "Q1": 1.3619683518296752,
    "Q2": 0.9600198635534523,
    "Q3": 2.510133169105904,
    "SLOPE": 0.08499695561558095,
    "SN": 0.1734275980225507
}