{
    "GAUGE_LENGTH": 25.0,
    "GAUGE_DIAMETER": 4.0,
    "CONN_DIAMETER": 5.0,
    "SPECIMEN_LENGTH": 72.0,
    "ROUND_RADIUS": 3.0,
    "THREADED_LENGTH": 15,
    "MAX_DISPLACEMENT": 2.86693342,
    "YIELD_STRESS": 297.22,
    "MODULUS": 168909.05,
    "UTS_STRAIN": 0.10736711308623226,
    "UTS_STRESS": 674.372,
    "EN": 0.2540033987407123,
    "F": 0.001398861729137682,
    "FN": 0.07802583427556067,
    "Q1": 1.111520557553844,
    "Q2": 1.0151759694757023,
    "Q3": 2.355353025634461,
    "SLOPE": 0.020391031953608314,
    "SN": 0.12614859478732085
}