{
    "GAUGE_LENGTH": 25.0,
    "GAUGE_DIAMETER": 4.0,
    "CONN_DIAMETER": 5.0,
    "SPECIMEN_LENGTH": 72.0,
    "ROUND_RADIUS": 3.0,
    "THREADED_LENGTH": 15,
    "MAX_DISPLACEMENT": 2.86693342,
    "YIELD_STRESS": 297.22,
    "MODULUS": 168909.05,
    "UTS_STRAIN": 0.10736711308623226,
    "UTS_STRESS": 674.372,
    "EN": 0.3017247488801886,
    "F": 0.00134073871352521,
    "FN": 0.04946568261027823,
    "Q1": 0.9396447321070815,
    "Q2": 0.9339282829569505,
    "Q3": 2.273383648592046,
    "SLOPE": 0.13976809609127736,
    "SN": 0.18901561338038625
}