{
    "GAUGE_LENGTH": 25.0,
    "GAUGE_DIAMETER": 4.0,
    "CONN_DIAMETER": 5.0,
    "SPECIMEN_LENGTH": 72.0,
    "ROUND_RADIUS": 3.0,
    "THREADED_LENGTH": 15,
    "MAX_DISPLACEMENT": 2.86693342,
    "YIELD_STRESS": 297.22,
    "MODULUS": 168909.05,
    "UTS_STRAIN": 0.10736711308623226,
    "UTS_STRESS": 674.372,
    "EN": 0.2742973046301329,
    "F": 0.0014073315053095448,
    "FN": 0.03038817076078484,
    "Q1": 0.9136976497161922,
    "Q2": 1.02246204238703,
    "Q3": 1.2532649612176707,
    "SLOPE": 0.005850045500952112,
    "SN": 0.1965016921557595
}