{
    "GAUGE_LENGTH": 25.0,
    "GAUGE_DIAMETER": 4.0,
    "CONN_DIAMETER": 5.0,
    "SPECIMEN_LENGTH": 72.0,
    "ROUND_RADIUS": 3.0,
    "THREADED_LENGTH": 15,
    "MAX_DISPLACEMENT": 2.86693342,
    "YIELD_STRESS": 297.22,
    "MODULUS": 168909.05,
    "UTS_STRAIN": 0.10736711308623226,
    "UTS_STRESS": 674.372,
    "EN": 0.3171159595832872,
    "F": 0.0013557531201391067,
    "FN": 0.03961331317091156,
    "Q1": 0.9605398634853954,
    "Q2": 0.9961010409960726,
    "Q3": 1.193454552244168,
    "SLOPE": 0.041632561861594926,
    "SN": 0.16123672750626913
}