{
    "GAUGE_LENGTH": 25.0,
    "GAUGE_DIAMETER": 4.0,
    "CONN_DIAMETER": 5.0,
    "SPECIMEN_LENGTH": 72.0,
    "ROUND_RADIUS": 3.0,
    "THREADED_LENGTH": 15,
    "MAX_DISPLACEMENT": 2.86693342,
    "YIELD_STRESS": 297.22,
    "MODULUS": 168909.05,
    "UTS_STRAIN": 0.10736711308623226,
    "UTS_STRESS": 674.372,
    "EN": 0.33137755748033926,
    "F": 0.0014590251796051817,
    "FN": 0.07042720547647521,
    "Q1": 1.2402973940056148,
    "Q2": 1.0150452453541454,
    "Q3": 0.9283865139617377,
    "SLOPE": 792.8549203616096,
    "SN": 0.1784843700017637
}