{
    "GAUGE_LENGTH": 25.0,
    "GAUGE_DIAMETER": 4.0,
    "CONN_DIAMETER": 5.0,
    "SPECIMEN_LENGTH": 72.0,
    "ROUND_RADIUS": 3.0,
    "THREADED_LENGTH": 15,
    "MAX_DISPLACEMENT": 2.86693342,
    "YIELD_STRESS": 297.22,
    "MODULUS": 168909.05,
    "UTS_STRAIN": 0.10736711308623226,
    "UTS_STRESS": 674.372,
    "EN": 0.3538483923503971,
    "F": 0.0014752778304592076,
    "FN": 0.08367639981023084,
    "Q1": 0.9595309479588445,
    "Q2": 0.9078109566465765,
    "Q3": 1.1072032342379958,
    "SLOPE": 930.2706130370514,
    "SN": 0.10983468338330502
}