{
    "GAUGE_LENGTH": 25.0,
    "GAUGE_DIAMETER": 4.0,
    "CONN_DIAMETER": 5.0,
    "SPECIMEN_LENGTH": 72.0,
    "ROUND_RADIUS": 3.0,
    "THREADED_LENGTH": 15,
    "MAX_DISPLACEMENT": 2.86693342,
    "YIELD_STRESS": 297.22,
    "MODULUS": 168909.05,
    "UTS_STRAIN": 0.10736711308623226,
    "UTS_STRESS": 674.372,
    "EN": 0.3119460654149375,
    "F": 0.0014977195662490297,
    "FN": 0.03715793258216094,
    "Q1": 0.9949624842414408,
    "Q2": 0.9694660943100917,
    "Q3": 1.5399626059158273,
    "SLOPE": 17.01230349243996,
    "SN": 0.11930720738908829
}