{
    "GAUGE_LENGTH": 25.0,
    "GAUGE_DIAMETER": 4.0,
    "CONN_DIAMETER": 5.0,
    "SPECIMEN_LENGTH": 72.0,
    "ROUND_RADIUS": 3.0,
    "THREADED_LENGTH": 15,
    "MAX_DISPLACEMENT": 2.86693342,
    "YIELD_STRESS": 297.22,
    "MODULUS": 168909.05,
    "UTS_STRAIN": 0.10736711308623226,
    "UTS_STRESS": 674.372,
    "EN": 0.32098110601777263,
    "F": 0.0014133479325239692,
    "FN": 0.07681476001575269,
    "Q1": 1.5021873872862228,
    "Q2": 1.0889472118673242,
    "Q3": 2.2046082669255416,
    "SLOPE": 360.1860901274581,
    "SN": 0.11028507092818596
}