{
    "GAUGE_LENGTH": 25.0,
    "GAUGE_DIAMETER": 4.0,
    "CONN_DIAMETER": 5.0,
    "SPECIMEN_LENGTH": 72.0,
    "ROUND_RADIUS": 3.0,
    "THREADED_LENGTH": 15,
    "MAX_DISPLACEMENT": 2.86693342,
    "YIELD_STRESS": 297.22,
    "MODULUS": 168909.05,
    "UTS_STRAIN": 0.10736711308623226,
    "UTS_STRESS": 674.372,
    "EN": 0.31247612466393276,
    "F": 0.0014255731160451861,
    "FN": 0.08864069435632634,
    "Q1": 1.0578800617460669,
    "Q2": 0.9646567603214345,
    "Q3": 1.150945416245047,
    "SLOPE": 890.576969642011,
    "SN": 0.11349068533993216
}