{
    "GAUGE_LENGTH": 25.0,
    "GAUGE_DIAMETER": 4.0,
    "CONN_DIAMETER": 5.0,
    "SPECIMEN_LENGTH": 72.0,
    "ROUND_RADIUS": 3.0,
    "THREADED_LENGTH": 15,
    "MAX_DISPLACEMENT": 2.86693342,
    "YIELD_STRESS": 297.22,
    "MODULUS": 168909.05,
    "UTS_STRAIN": 0.10736711308623226,
    "UTS_STRESS": 674.372,
    "EN": 0.2911529192420951,
    "F": 0.0013773445394103694,
    "FN": 0.05224116406166711,
    "Q1": 1.276769169190267,
    "Q2": 0.9297185696313892,
    "Q3": 1.651354440351557,
    "SLOPE": 807.6071180318286,
    "SN": 0.15679253220832617
}