{
    "GAUGE_LENGTH": 25.0,
    "GAUGE_DIAMETER": 4.0,
    "CONN_DIAMETER": 5.0,
    "SPECIMEN_LENGTH": 72.0,
    "ROUND_RADIUS": 3.0,
    "THREADED_LENGTH": 15,
    "MAX_DISPLACEMENT": 2.86693342,
    "YIELD_STRESS": 297.22,
    "MODULUS": 168909.05,
    "UTS_STRAIN": 0.10736711308623226,
    "UTS_STRESS": 674.372,
    "EN": 0.3707471137171118,
    "F": 0.0013830458694617735,
    "FN": 0.08386058241756902,
    "Q1": 1.0967959059817518,
    "Q2": 0.9596389577820231,
    "Q3": 1.3617550391336506,
    "SLOPE": 494.0894344139588,
    "SN": 0.1412094948482348
}