{
    "GAUGE_LENGTH": 25.0,
    "GAUGE_DIAMETER": 4.0,
    "CONN_DIAMETER": 5.0,
    "SPECIMEN_LENGTH": 72.0,
    "ROUND_RADIUS": 3.0,
    "THREADED_LENGTH": 15,
    "MAX_DISPLACEMENT": 2.60702,
    "YIELD_STRESS": 393.67,
    "MODULUS": 222376.55,
    "UTS_STRAIN": 0.09731888640142439,
    "UTS_STRESS": 656.321,
    "Q1": 1.6,
    "Q2": 1.1,
    "Q3": 2.5600000000000005,
    "EN": 0.25,
    "SN": 0.1,
    "FN": 0.03,
    "F": 0.0013,
    "SLOPE": 799.0196769157251
}