{
    "GAUGE_LENGTH": 25.0,
    "GAUGE_DIAMETER": 4.0,
    "CONN_DIAMETER": 5.0,
    "SPECIMEN_LENGTH": 72.0,
    "ROUND_RADIUS": 3.0,
    "THREADED_LENGTH": 15,
    "MAX_DISPLACEMENT": 2.60702,
    "YIELD_STRESS": 393.67,
    "MODULUS": 222376.55,
    "UTS_STRAIN": 0.09731888640142439,
    "UTS_STRESS": 656.321,
    "EN": 0.2557567997021855,
    "F": 0.00147879852188672,
    "FN": 0.062195900375294454,
    "Q1": 0.9320914029150422,
    "Q2": 0.9102230245650553,
    "Q3": 1.2190416735287248,
    "SLOPE": 68.73944015561746,
    "SN": 0.13186733608259282
}