{
    "GAUGE_LENGTH": 25.0,
    "GAUGE_DIAMETER": 4.0,
    "CONN_DIAMETER": 5.0,
    "SPECIMEN_LENGTH": 72.0,
    "ROUND_RADIUS": 3.0,
    "THREADED_LENGTH": 15,
    "MAX_DISPLACEMENT": 2.60702,
    "YIELD_STRESS": 393.67,
    "MODULUS": 222376.55,
    "UTS_STRAIN": 0.09731888640142439,
    "UTS_STRESS": 656.321,
    "EN": 0.2933947098250591,
    "F": 0.0014294233496147208,
    "FN": 0.08869730138750256,
    "Q1": 1.251410790883568,
    "Q2": 0.9437613966529799,
    "Q3": 0.8237304939476172,
    "SLOPE": 105.03079290275872,
    "SN": 0.11782974679060387
}