{
    "GAUGE_LENGTH": 25.0,
    "GAUGE_DIAMETER": 4.0,
    "CONN_DIAMETER": 5.0,
    "SPECIMEN_LENGTH": 72.0,
    "ROUND_RADIUS": 3.0,
    "THREADED_LENGTH": 15,
    "MAX_DISPLACEMENT": 2.60702,
    "YIELD_STRESS": 393.67,
    "MODULUS": 222376.55,
    "UTS_STRAIN": 0.09731888640142439,
    "UTS_STRESS": 656.321,
    "EN": 0.29608938187930006,
    "F": 0.0014277957600484195,
    "FN": 0.034455366799693896,
    "Q1": 1.0074143390792856,
    "Q2": 0.9021052432029915,
    "Q3": 0.8638054252988775,
    "SLOPE": 68.88512206021569,
    "SN": 0.10440734052614949
}