{
    "GAUGE_LENGTH": 25.0,
    "GAUGE_DIAMETER": 4.0,
    "CONN_DIAMETER": 5.0,
    "SPECIMEN_LENGTH": 72.0,
    "ROUND_RADIUS": 3.0,
    "THREADED_LENGTH": 15,
    "MAX_DISPLACEMENT": 2.60702,
    "YIELD_STRESS": 393.67,
    "MODULUS": 222376.55,
    "UTS_STRAIN": 0.09731888640142439,
    "UTS_STRESS": 656.321,
    "EN": 0.2662284298863426,
    "F": 0.001394232607723728,
    "FN": 0.057598558080924525,
    "Q1": 0.9247985229630836,
    "Q2": 0.9124774702511896,
    "Q3": 0.8250499896736929,
    "SLOPE": 68.27149591799626,
    "SN": 0.1626843594455294
}