{
    "GAUGE_LENGTH": 25.0,
    "GAUGE_DIAMETER": 4.0,
    "CONN_DIAMETER": 5.0,
    "SPECIMEN_LENGTH": 72.0,
    "ROUND_RADIUS": 3.0,
    "THREADED_LENGTH": 15,
    "MAX_DISPLACEMENT": 2.60702,
    "YIELD_STRESS": 393.67,
    "MODULUS": 222376.55,
    "UTS_STRAIN": 0.09731888640142439,
    "UTS_STRESS": 656.321,
    "EN": 0.262796884880616,
    "F": 0.0014781652073276896,
    "FN": 0.0798281132701549,
    "Q1": 1.009038290031013,
    "Q2": 0.9359386985480498,
    "Q3": 0.8197680664842901,
    "SLOPE": 68.39358793719536,
    "SN": 0.12902596512935702
}