{
    "GAUGE_LENGTH": 25.0,
    "GAUGE_DIAMETER": 4.0,
    "CONN_DIAMETER": 5.0,
    "SPECIMEN_LENGTH": 72.0,
    "ROUND_RADIUS": 3.0,
    "THREADED_LENGTH": 15,
    "MAX_DISPLACEMENT": 2.60702,
    "YIELD_STRESS": 393.67,
    "MODULUS": 222376.55,
    "UTS_STRAIN": 0.09731888640142439,
    "UTS_STRESS": 656.321,
    "EN": 0.37725608474421385,
    "F": 0.0014965488948160592,
    "FN": 0.06014139096617696,
    "Q1": 1.0343729166072457,
    "Q2": 0.9653190974047833,
    "Q3": 0.8411031722645572,
    "SLOPE": 68.83050508655326,
    "SN": 0.15728666774520839
}