{
    "GAUGE_LENGTH": 25.0,
    "GAUGE_DIAMETER": 4.0,
    "CONN_DIAMETER": 5.0,
    "SPECIMEN_LENGTH": 72.0,
    "ROUND_RADIUS": 3.0,
    "THREADED_LENGTH": 15,
    "MAX_DISPLACEMENT": 2.60702,
    "YIELD_STRESS": 393.67,
    "MODULUS": 222376.55,
    "UTS_STRAIN": 0.09731888640142439,
    "UTS_STRESS": 656.321,
    "EN": 0.35199434354763465,
    "F": 0.0014873427823542513,
    "FN": 0.07408977830791433,
    "Q1": 0.9406156070194753,
    "Q2": 0.9379838006037993,
    "Q3": 1.1172766165845844,
    "SLOPE": 68.51670173988651,
    "SN": 0.1464462285021303
}