{
    "GAUGE_LENGTH": 25.0,
    "GAUGE_DIAMETER": 4.0,
    "CONN_DIAMETER": 5.0,
    "SPECIMEN_LENGTH": 72.0,
    "ROUND_RADIUS": 3.0,
    "THREADED_LENGTH": 15,
    "MAX_DISPLACEMENT": 2.60702,
    "YIELD_STRESS": 393.67,
    "MODULUS": 222376.55,
    "UTS_STRAIN": 0.09731888640142439,
    "UTS_STRESS": 656.321,
    "EN": 0.2557040291502069,
    "F": 0.0013381537449187464,
    "FN": 0.041524287918425384,
    "Q1": 0.9422285240620167,
    "Q2": 1.035838287564256,
    "Q3": 0.949681774947904,
    "SLOPE": 68.58385566235569,
    "SN": 0.1598124962607273
}