{
    "GAUGE_LENGTH": 25.0,
    "GAUGE_DIAMETER": 4.0,
    "CONN_DIAMETER": 5.0,
    "SPECIMEN_LENGTH": 72.0,
    "ROUND_RADIUS": 3.0,
    "THREADED_LENGTH": 15,
    "MAX_DISPLACEMENT": 2.60702,
    "YIELD_STRESS": 393.67,
    "MODULUS": 222376.55,
    "UTS_STRAIN": 0.09731888640142439,
    "UTS_STRESS": 656.321,
    "EN": 0.38456267562674407,
    "F": 0.001430784078710632,
    "FN": 0.060540777044751,
    "Q1": 0.9141132586308991,
    "Q2": 0.9068878989162729,
    "Q3": 1.194687642178598,
    "SLOPE": 69.26130977107398,
    "SN": 0.16786090813364257
}