{
    "GAUGE_LENGTH": 25.0,
    "GAUGE_DIAMETER": 4.0,
    "CONN_DIAMETER": 5.0,
    "SPECIMEN_LENGTH": 72.0,
    "ROUND_RADIUS": 3.0,
    "THREADED_LENGTH": 15,
    "MAX_DISPLACEMENT": 2.60702,
    "YIELD_STRESS": 393.67,
    "MODULUS": 222376.55,
    "UTS_STRAIN": 0.09731888640142439,
    "UTS_STRESS": 656.321,
    "EN": 0.36014919219606717,
    "F": 0.0014967137845650427,
    "FN": 0.0714092360725779,
    "Q1": 0.9681642953920446,
    "Q2": 0.9639828078271425,
    "Q3": 0.8821454265564532,
    "SLOPE": 69.4619633910362,
    "SN": 0.16231515459204676
}