{
    "GAUGE_LENGTH": 25.0,
    "GAUGE_DIAMETER": 4.0,
    "CONN_DIAMETER": 5.0,
    "SPECIMEN_LENGTH": 72.0,
    "ROUND_RADIUS": 3.0,
    "THREADED_LENGTH": 15,
    "MAX_DISPLACEMENT": 2.60702,
    "YIELD_STRESS": 393.67,
    "MODULUS": 222376.55,
    "UTS_STRAIN": 0.09731888640142439,
    "UTS_STRESS": 656.321,
    "EN": 0.29029440009623897,
    "F": 0.0013730721451164145,
    "FN": 0.08549887617313501,
    "Q1": 1.0585651206331455,
    "Q2": 0.9521700813487217,
    "Q3": 0.8613226569782583,
    "SLOPE": 65.23016561248546,
    "SN": 0.137913536393022
}