{
    "GAUGE_LENGTH": 25.0,
    "GAUGE_DIAMETER": 4.0,
    "CONN_DIAMETER": 5.0,
    "SPECIMEN_LENGTH": 72.0,
    "ROUND_RADIUS": 3.0,
    "THREADED_LENGTH": 15,
    "MAX_DISPLACEMENT": 2.60702,
    "YIELD_STRESS": 393.67,
    "MODULUS": 222376.55,
    "UTS_STRAIN": 0.09731888640142439,
    "UTS_STRESS": 656.321,
    "EN": 0.35026235550472207,
    "F": 0.0013004422991945912,
    "FN": 0.08135265572062453,
    "Q1": 0.982476168695191,
    "Q2": 0.9880756932418198,
    "Q3": 0.920868196697522,
    "SLOPE": 68.62505032951645,
    "SN": 0.12110824065429593
}