{
    "GAUGE_LENGTH": 25.0,
    "GAUGE_DIAMETER": 4.0,
    "CONN_DIAMETER": 5.0,
    "SPECIMEN_LENGTH": 72.0,
    "ROUND_RADIUS": 3.0,
    "THREADED_LENGTH": 15,
    "MAX_DISPLACEMENT": 2.60702,
    "YIELD_STRESS": 393.67,
    "MODULUS": 222376.55,
    "UTS_STRAIN": 0.09731888640142439,
    "UTS_STRESS": 656.321,
    "EN": 0.2574577143698358,
    "F": 0.0013821038223677381,
    "FN": 0.033567074547179276,
    "Q1": 1.068185220885508,
    "Q2": 0.9094358667890058,
    "Q3": 0.9246687060562139,
    "SLOPE": 75.26407586809772,
    "SN": 0.17352882201570569
}