{
    "GAUGE_LENGTH": 25.0,
    "GAUGE_DIAMETER": 4.0,
    "CONN_DIAMETER": 5.0,
    "SPECIMEN_LENGTH": 72.0,
    "ROUND_RADIUS": 3.0,
    "THREADED_LENGTH": 15,
    "MAX_DISPLACEMENT": 2.60702,
    "YIELD_STRESS": 393.67,
    "MODULUS": 222376.55,
    "UTS_STRAIN": 0.09731888640142439,
    "UTS_STRESS": 656.321,
    "EN": 0.3610673228614511,
    "F": 0.0013124246391632009,
    "FN": 0.045567470556687,
    "Q1": 0.963597942375046,
    "Q2": 0.9788945731300674,
    "Q3": 0.8766153063112663,
    "SLOPE": 69.02425049443771,
    "SN": 0.18129972150191898
}