{
    "GAUGE_LENGTH": 25.0,
    "GAUGE_DIAMETER": 4.0,
    "CONN_DIAMETER": 5.0,
    "SPECIMEN_LENGTH": 72.0,
    "ROUND_RADIUS": 3.0,
    "THREADED_LENGTH": 15,
    "MAX_DISPLACEMENT": 2.60702,
    "YIELD_STRESS": 393.67,
    "MODULUS": 222376.55,
    "UTS_STRAIN": 0.09731888640142439,
    "UTS_STRESS": 656.321,
    "EN": 0.300916619969229,
    "F": 0.0014411795581696554,
    "FN": 0.08990917123490862,
    "Q1": 0.966540432491046,
    "Q2": 1.056194248183642,
    "Q3": 0.8268141624313866,
    "SLOPE": 68.57975318472478,
    "SN": 0.11285452133128113
}