{
    "GAUGE_LENGTH": 25.0,
    "GAUGE_DIAMETER": 4.0,
    "CONN_DIAMETER": 5.0,
    "SPECIMEN_LENGTH": 72.0,
    "ROUND_RADIUS": 3.0,
    "THREADED_LENGTH": 15,
    "MAX_DISPLACEMENT": 2.60702,
    "YIELD_STRESS": 393.67,
    "MODULUS": 222376.55,
    "UTS_STRAIN": 0.09731888640142439,
    "UTS_STRESS": 656.321,
    "EN": 0.38679711289670127,
    "F": 0.001316309006607205,
    "FN": 0.05005560781472561,
    "Q1": 0.9283250637561422,
    "Q2": 0.9754544512585523,
    "Q3": 0.8327798216205418,
    "SLOPE": 65.47197316988994,
    "SN": 0.16338014864662392
}