{
    "GAUGE_LENGTH": 25.0,
    "GAUGE_DIAMETER": 4.0,
    "CONN_DIAMETER": 5.0,
    "SPECIMEN_LENGTH": 72.0,
    "ROUND_RADIUS": 3.0,
    "THREADED_LENGTH": 15,
    "MAX_DISPLACEMENT": 2.60702,
    "YIELD_STRESS": 393.67,
    "MODULUS": 222376.55,
    "UTS_STRAIN": 0.09731888640142439,
    "UTS_STRESS": 656.321,
    "EN": 0.2802134280485258,
    "F": 0.0014040541825241478,
    "FN": 0.030094907409622618,
    "Q1": 0.9666242607427954,
    "Q2": 0.9093751413031691,
    "Q3": 1.0937315712445128,
    "SLOPE": 68.75099000679711,
    "SN": 0.1539873896592735
}