{
    "GAUGE_LENGTH": 25.0,
    "GAUGE_DIAMETER": 4.0,
    "CONN_DIAMETER": 5.0,
    "SPECIMEN_LENGTH": 72.0,
    "ROUND_RADIUS": 3.0,
    "THREADED_LENGTH": 15,
    "MAX_DISPLACEMENT": 2.60702,
    "YIELD_STRESS": 393.67,
    "MODULUS": 222376.55,
    "UTS_STRAIN": 0.09731888640142439,
    "UTS_STRESS": 656.321,
    "EN": 0.28618080998749523,
    "F": 0.0014182651902380852,
    "FN": 0.0896559304346013,
    "Q1": 0.9992343242054265,
    "Q2": 0.9498903473174355,
    "Q3": 0.8864572130283755,
    "SLOPE": 66.10917276697123,
    "SN": 0.19755565456466664
}