{
    "GAUGE_LENGTH": 25.0,
    "GAUGE_DIAMETER": 4.0,
    "CONN_DIAMETER": 5.0,
    "SPECIMEN_LENGTH": 72.0,
    "ROUND_RADIUS": 3.0,
    "THREADED_LENGTH": 15,
    "MAX_DISPLACEMENT": 2.60702,
    "YIELD_STRESS": 393.67,
    "MODULUS": 222376.55,
    "UTS_STRAIN": 0.09731888640142439,
    "UTS_STRESS": 656.321,
    "EN": 0.3701634695283448,
    "F": 0.0013284686575691439,
    "FN": 0.03674740999017296,
    "Q1": 0.9207843853391633,
    "Q2": 1.0738256122105427,
    "Q3": 0.8360640507005226,
    "SLOPE": 71.58669073898265,
    "SN": 0.19244605278379057
}