{
    "GAUGE_LENGTH": 25.0,
    "GAUGE_DIAMETER": 4.0,
    "CONN_DIAMETER": 5.0,
    "SPECIMEN_LENGTH": 72.0,
    "ROUND_RADIUS": 3.0,
    "THREADED_LENGTH": 15,
    "MAX_DISPLACEMENT": 2.60702,
    "YIELD_STRESS": 393.67,
    "MODULUS": 222376.55,
    "UTS_STRAIN": 0.09731888640142439,
    "UTS_STRESS": 656.321,
    "EN": 0.286335126414543,
    "F": 0.0013819507819723608,
    "FN": 0.03803528791445697,
    "Q1": 1.0074213616701955,
    "Q2": 0.9024123402224412,
    "Q3": 0.8270821207848097,
    "SLOPE": 76.64684022872116,
    "SN": 0.12903432328619108
}