{
    "GAUGE_LENGTH": 25.0,
    "GAUGE_DIAMETER": 4.0,
    "CONN_DIAMETER": 5.0,
    "SPECIMEN_LENGTH": 72.0,
    "ROUND_RADIUS": 3.0,
    "THREADED_LENGTH": 15,
    "MAX_DISPLACEMENT": 2.60702,
    "YIELD_STRESS": 393.67,
    "MODULUS": 222376.55,
    "UTS_STRAIN": 0.09731888640142439,
    "UTS_STRESS": 656.321,
    "EN": 0.35513715392153644,
    "F": 0.0014458104278826274,
    "FN": 0.04000405668508017,
    "Q1": 1.0171698339096267,
    "Q2": 1.0238290982518878,
    "Q3": 0.9853649113789007,
    "SLOPE": 69.35873665141494,
    "SN": 0.15856894574453884
}