{
    "GAUGE_LENGTH": 25.0,
    "GAUGE_DIAMETER": 4.0,
    "CONN_DIAMETER": 5.0,
    "SPECIMEN_LENGTH": 72.0,
    "ROUND_RADIUS": 3.0,
    "THREADED_LENGTH": 15,
    "MAX_DISPLACEMENT": 2.60702,
    "YIELD_STRESS": 393.67,
    "MODULUS": 222376.55,
    "UTS_STRAIN": 0.09731888640142439,
    "UTS_STRESS": 656.321,
    "EN": 0.30881677893372517,
    "F": 0.0014403210034763638,
    "FN": 0.04781086880656456,
    "Q1": 0.9868979019786068,
    "Q2": 0.9845524505795802,
    "Q3": 0.8616337526300166,
    "SLOPE": 68.97573736100713,
    "SN": 0.15493705724560586
}