{
    "GAUGE_LENGTH": 25.0,
    "GAUGE_DIAMETER": 4.0,
    "CONN_DIAMETER": 5.0,
    "SPECIMEN_LENGTH": 72.0,
    "ROUND_RADIUS": 3.0,
    "THREADED_LENGTH": 15,
    "MAX_DISPLACEMENT": 2.60702,
    "YIELD_STRESS": 393.67,
    "MODULUS": 222376.55,
    "UTS_STRAIN": 0.09731888640142439,
    "UTS_STRESS": 656.321,
    "EN": 0.3289037122557221,
    "F": 0.0014009004002766177,
    "FN": 0.06518426112758675,
    "Q1": 1.0725098835474198,
    "Q2": 0.9165941777724101,
    "Q3": 0.8475972484950298,
    "SLOPE": 68.65679045263182,
    "SN": 0.1724497652400555
}