{
    "GAUGE_LENGTH": 25.0,
    "GAUGE_DIAMETER": 4.0,
    "CONN_DIAMETER": 5.0,
    "SPECIMEN_LENGTH": 72.0,
    "ROUND_RADIUS": 3.0,
    "THREADED_LENGTH": 15,
    "MAX_DISPLACEMENT": 2.60702,
    "YIELD_STRESS": 393.67,
    "MODULUS": 222376.55,
    "UTS_STRAIN": 0.09731888640142439,
    "UTS_STRESS": 656.321,
    "EN": 0.31586834266011043,
    "F": 0.0013841124066269748,
    "FN": 0.07910430445448496,
    "Q1": 1.0464618082265353,
    "Q2": 0.983884906578165,
    "Q3": 0.881037967641942,
    "SLOPE": 84.65517524348247,
    "SN": 0.11878606005067649
}