{
    "GAUGE_LENGTH": 25.0,
    "GAUGE_DIAMETER": 4.0,
    "CONN_DIAMETER": 5.0,
    "SPECIMEN_LENGTH": 72.0,
    "ROUND_RADIUS": 3.0,
    "THREADED_LENGTH": 15,
    "MAX_DISPLACEMENT": 2.60702,
    "YIELD_STRESS": 393.67,
    "MODULUS": 222376.55,
    "UTS_STRAIN": 0.09731888640142439,
    "UTS_STRESS": 656.321,
    "EN": 0.33742589939517703,
    "F": 0.001446155190929599,
    "FN": 0.06191663408176453,
    "Q1": 0.903035841053478,
    "Q2": 1.0049089403666314,
    "Q3": 0.8674955429234864,
    "SLOPE": 65.46074699298106,
    "SN": 0.11113413365515774
}