{
    "GAUGE_LENGTH": 25.0,
    "GAUGE_DIAMETER": 4.0,
    "CONN_DIAMETER": 5.0,
    "SPECIMEN_LENGTH": 72.0,
    "ROUND_RADIUS": 3.0,
    "THREADED_LENGTH": 15,
    "MAX_DISPLACEMENT": 2.60702,
    "YIELD_STRESS": 393.67,
    "MODULUS": 222376.55,
    "UTS_STRAIN": 0.09731888640142439,
    "UTS_STRESS": 656.321,
    "EN": 0.2812106966620232,
    "F": 0.0013006457325015757,
    "FN": 0.058651172700357336,
    "Q1": 1.0357823533603707,
    "Q2": 1.0284200639372783,
    "Q3": 0.9984950497647442,
    "SLOPE": 69.05631078762603,
    "SN": 0.16570476937530057
}