{
    "GAUGE_LENGTH": 25.0,
    "GAUGE_DIAMETER": 4.0,
    "CONN_DIAMETER": 5.0,
    "SPECIMEN_LENGTH": 72.0,
    "ROUND_RADIUS": 3.0,
    "THREADED_LENGTH": 15,
    "MAX_DISPLACEMENT": 2.60702,
    "YIELD_STRESS": 393.67,
    "MODULUS": 222376.55,
    "UTS_STRAIN": 0.09731888640142439,
    "UTS_STRESS": 656.321,
    "EN": 0.2917244475521274,
    "F": 0.0014301077659180244,
    "FN": 0.05481680928517002,
    "Q1": 1.078945983969373,
    "Q2": 1.0546581853202548,
    "Q3": 0.8523176498602721,
    "SLOPE": 69.51430703635491,
    "SN": 0.1817012970223975
}