{
    "GAUGE_LENGTH": 25.0,
    "GAUGE_DIAMETER": 4.0,
    "CONN_DIAMETER": 5.0,
    "SPECIMEN_LENGTH": 72.0,
    "ROUND_RADIUS": 3.0,
    "THREADED_LENGTH": 15,
    "MAX_DISPLACEMENT": 2.60702,
    "YIELD_STRESS": 393.67,
    "MODULUS": 222376.55,
    "UTS_STRAIN": 0.09731888640142439,
    "UTS_STRESS": 656.321,
    "EN": 0.26722216671998994,
    "F": 0.0014108973770068083,
    "FN": 0.03751407404733507,
    "Q1": 0.9233489344621804,
    "Q2": 0.9651703824826265,
    "Q3": 0.8922593117845963,
    "SLOPE": 71.40419890354855,
    "SN": 0.19073216326642567
}