{
    "GAUGE_LENGTH": 25.0,
    "GAUGE_DIAMETER": 4.0,
    "CONN_DIAMETER": 5.0,
    "SPECIMEN_LENGTH": 72.0,
    "ROUND_RADIUS": 3.0,
    "THREADED_LENGTH": 15,
    "MAX_DISPLACEMENT": 2.60702,
    "YIELD_STRESS": 393.67,
    "MODULUS": 222376.55,
    "UTS_STRAIN": 0.09731888640142439,
    "UTS_STRESS": 656.321,
    "EN": 0.3222950072824935,
    "F": 0.0013483841954216264,
    "FN": 0.07129066419892859,
    "Q1": 1.027872215700958,
    "Q2": 0.9890709594860576,
    "Q3": 0.8118789147085084,
    "SLOPE": 70.1134288892592,
    "SN": 0.19178705557823514
}