{
    "GAUGE_LENGTH": 25.0,
    "GAUGE_DIAMETER": 4.0,
    "CONN_DIAMETER": 5.0,
    "SPECIMEN_LENGTH": 72.0,
    "ROUND_RADIUS": 3.0,
    "THREADED_LENGTH": 15,
    "MAX_DISPLACEMENT": 2.60702,
    "YIELD_STRESS": 393.67,
    "MODULUS": 222376.55,
    "UTS_STRAIN": 0.09731888640142439,
    "UTS_STRESS": 656.321,
    "EN": 0.2694127996003016,
    "F": 0.0013288063185616272,
    "FN": 0.0322152757769701,
    "Q1": 0.9040984558904949,
    "Q2": 0.957003937032794,
    "Q3": 0.8161969732363347,
    "SLOPE": 68.18659868078922,
    "SN": 0.12384174354887453
}