{
    "GAUGE_LENGTH": 25.0,
    "GAUGE_DIAMETER": 4.0,
    "CONN_DIAMETER": 5.0,
    "SPECIMEN_LENGTH": 72.0,
    "ROUND_RADIUS": 3.0,
    "THREADED_LENGTH": 15,
    "MAX_DISPLACEMENT": 2.60702,
    "YIELD_STRESS": 393.67,
    "MODULUS": 222376.55,
    "UTS_STRAIN": 0.09731888640142439,
    "UTS_STRESS": 656.321,
    "EN": 0.2757511474445094,
    "F": 0.0014544975150180774,
    "FN": 0.03276307021256897,
    "Q1": 0.9500493865356199,
    "Q2": 1.0214163016813362,
    "Q3": 0.92617354179049,
    "SLOPE": 65.60431039085579,
    "SN": 0.14134064086974707
}