{
    "GAUGE_LENGTH": 25.0,
    "GAUGE_DIAMETER": 4.0,
    "CONN_DIAMETER": 5.0,
    "SPECIMEN_LENGTH": 72.0,
    "ROUND_RADIUS": 3.0,
    "THREADED_LENGTH": 15,
    "MAX_DISPLACEMENT": 2.60702,
    "YIELD_STRESS": 393.67,
    "MODULUS": 222376.55,
    "UTS_STRAIN": 0.09731888640142439,
    "UTS_STRESS": 656.321,
    "EN": 0.2651548174633375,
    "F": 0.0013729655078266376,
    "FN": 0.08453056415016094,
    "Q1": 1.030799611668055,
    "Q2": 0.9465008289482236,
    "Q3": 0.9376486994473152,
    "SLOPE": 68.99265344652248,
    "SN": 0.18687240082297088
}