{
    "GAUGE_LENGTH": 25.0,
    "GAUGE_DIAMETER": 4.0,
    "CONN_DIAMETER": 5.0,
    "SPECIMEN_LENGTH": 72.0,
    "ROUND_RADIUS": 3.0,
    "THREADED_LENGTH": 15,
    "MAX_DISPLACEMENT": 2.60702,
    "YIELD_STRESS": 393.67,
    "MODULUS": 222376.55,
    "UTS_STRAIN": 0.09731888640142439,
    "UTS_STRESS": 656.321,
    "EN": 0.32935847685272834,
    "F": 0.0014216530008936891,
    "FN": 0.06277716331106073,
    "Q1": 0.943609297176499,
    "Q2": 0.9534954544219899,
    "Q3": 0.8168693675244242,
    "SLOPE": 76.97299489904968,
    "SN": 0.18288182115367785
}