{
    "GAUGE_LENGTH": 25.0,
    "GAUGE_DIAMETER": 4.0,
    "CONN_DIAMETER": 5.0,
    "SPECIMEN_LENGTH": 72.0,
    "ROUND_RADIUS": 3.0,
    "THREADED_LENGTH": 15,
    "MAX_DISPLACEMENT": 2.60702,
    "YIELD_STRESS": 393.67,
    "MODULUS": 222376.55,
    "UTS_STRAIN": 0.09731888640142439,
    "UTS_STRESS": 656.321,
    "EN": 0.27587566940383423,
    "F": 0.0014148325756103786,
    "FN": 0.039326768416401585,
    "Q1": 0.9266142560660051,
    "Q2": 0.9146606497985913,
    "Q3": 0.8696515677051071,
    "SLOPE": 69.01591212784604,
    "SN": 0.14115737363302325
}