{
    "GAUGE_LENGTH": 25.0,
    "GAUGE_DIAMETER": 4.0,
    "CONN_DIAMETER": 5.0,
    "SPECIMEN_LENGTH": 72.0,
    "ROUND_RADIUS": 3.0,
    "THREADED_LENGTH": 15,
    "MAX_DISPLACEMENT": 2.60702,
    "YIELD_STRESS": 393.67,
    "MODULUS": 222376.55,
    "UTS_STRAIN": 0.09731888640142439,
    "UTS_STRESS": 656.321,
    "EN": 0.3585113867294012,
    "F": 0.0013291004275904795,
    "FN": 0.0711955221464152,
    "Q1": 0.9319946260129808,
    "Q2": 0.9610513598329726,
    "Q3": 0.9406654890284415,
    "SLOPE": 68.63303819566104,
    "SN": 0.13856214281515394
}