{
    "GAUGE_LENGTH": 25.0,
    "GAUGE_DIAMETER": 4.0,
    "CONN_DIAMETER": 5.0,
    "SPECIMEN_LENGTH": 72.0,
    "ROUND_RADIUS": 3.0,
    "THREADED_LENGTH": 15,
    "MAX_DISPLACEMENT": 2.60702,
    "YIELD_STRESS": 393.67,
    "MODULUS": 222376.55,
    "UTS_STRAIN": 0.09731888640142439,
    "UTS_STRESS": 656.321,
    "EN": 0.290913609347738,
    "F": 0.0014957889224348497,
    "FN": 0.08080073705251876,
    "Q1": 0.9296612764469281,
    "Q2": 0.9001995055237075,
    "Q3": 0.9248076160792797,
    "SLOPE": 68.87614327721914,
    "SN": 0.16878051879961836
}