{
    "GAUGE_LENGTH": 25.0,
    "GAUGE_DIAMETER": 4.0,
    "CONN_DIAMETER": 5.0,
    "SPECIMEN_LENGTH": 72.0,
    "ROUND_RADIUS": 3.0,
    "THREADED_LENGTH": 15,
    "MAX_DISPLACEMENT": 2.60702,
    "YIELD_STRESS": 393.67,
    "MODULUS": 222376.55,
    "UTS_STRAIN": 0.09731888640142439,
    "UTS_STRESS": 656.321,
    "EN": 0.29398092408039517,
    "F": 0.0014064554980163701,
    "FN": 0.059884416578565136,
    "Q1": 1.02821108332578,
    "Q2": 0.9135601638946379,
    "Q3": 0.9805064684933296,
    "SLOPE": 68.59732058881433,
    "SN": 0.18419617832841545
}