{
    "GAUGE_LENGTH": 25.0,
    "GAUGE_DIAMETER": 4.0,
    "CONN_DIAMETER": 5.0,
    "SPECIMEN_LENGTH": 72.0,
    "ROUND_RADIUS": 3.0,
    "THREADED_LENGTH": 15,
    "MAX_DISPLACEMENT": 2.60702,
    "YIELD_STRESS": 393.67,
    "MODULUS": 222376.55,
    "UTS_STRAIN": 0.09731888640142439,
    "UTS_STRESS": 656.321,
    "EN": 0.39650192588575434,
    "F": 0.0013167565386438874,
    "FN": 0.03757782809730886,
    "Q1": 0.9233890539153495,
    "Q2": 0.9118365007726311,
    "Q3": 0.818972679883754,
    "SLOPE": 73.81316082332543,
    "SN": 0.13185741628778225
}