{
    "GAUGE_LENGTH": 25.0,
    "GAUGE_DIAMETER": 4.0,
    "CONN_DIAMETER": 5.0,
    "SPECIMEN_LENGTH": 72.0,
    "ROUND_RADIUS": 3.0,
    "THREADED_LENGTH": 15,
    "MAX_DISPLACEMENT": 2.60702,
    "YIELD_STRESS": 393.67,
    "MODULUS": 222376.55,
    "UTS_STRAIN": 0.09731888640142439,
    "UTS_STRESS": 656.321,
    "EN": 0.39845065692118165,
    "F": 0.0013380706556244575,
    "FN": 0.04280292792602981,
    "Q1": 0.9911921376660031,
    "Q2": 0.9286250506583001,
    "Q3": 0.8180863714868608,
    "SLOPE": 66.47186073791283,
    "SN": 0.1304112805051803
}