{
    "GAUGE_LENGTH": 25.0,
    "GAUGE_DIAMETER": 4.0,
    "CONN_DIAMETER": 5.0,
    "SPECIMEN_LENGTH": 72.0,
    "ROUND_RADIUS": 3.0,
    "THREADED_LENGTH": 15,
    "MAX_DISPLACEMENT": 2.60702,
    "YIELD_STRESS": 393.67,
    "MODULUS": 222376.55,
    "UTS_STRAIN": 0.09731888640142439,
    "UTS_STRESS": 656.321,
    "EN": 0.3798238403653866,
    "F": 0.0013881773267755387,
    "FN": 0.05642006596575583,
    "Q1": 0.9188955869232496,
    "Q2": 1.0060448419494368,
    "Q3": 0.9078017979961746,
    "SLOPE": 84.679646526051,
    "SN": 0.19858280989224972
}