{
    "GAUGE_LENGTH": 25.0,
    "GAUGE_DIAMETER": 4.0,
    "CONN_DIAMETER": 5.0,
    "SPECIMEN_LENGTH": 72.0,
    "ROUND_RADIUS": 3.0,
    "THREADED_LENGTH": 15,
    "MAX_DISPLACEMENT": 2.60702,
    "YIELD_STRESS": 393.67,
    "MODULUS": 222376.55,
    "UTS_STRAIN": 0.09731888640142439,
    "UTS_STRESS": 656.321,
    "EN": 0.3210321227355202,
    "F": 0.0014249625499272202,
    "FN": 0.049027636794028065,
    "Q1": 1.0166216867977234,
    "Q2": 0.9035406355793347,
    "Q3": 0.8494324102254268,
    "SLOPE": 68.16391245588572,
    "SN": 0.10647622724394634
}