{
    "GAUGE_LENGTH": 25.0,
    "GAUGE_DIAMETER": 4.0,
    "CONN_DIAMETER": 5.0,
    "SPECIMEN_LENGTH": 72.0,
    "ROUND_RADIUS": 3.0,
    "THREADED_LENGTH": 15,
    "MAX_DISPLACEMENT": 2.60702,
    "YIELD_STRESS": 393.67,
    "MODULUS": 222376.55,
    "UTS_STRAIN": 0.09731888640142439,
    "UTS_STRESS": 656.321,
    "EN": 0.3850490462028908,
    "F": 0.0013205301713240007,
    "FN": 0.06462457526174398,
    "Q1": 0.9967620921640479,
    "Q2": 0.9032726793351347,
    "Q3": 0.9116633905410243,
    "SLOPE": 69.17008741343592,
    "SN": 0.1353022486483446
}