{
    "GAUGE_LENGTH": 25.0,
    "GAUGE_DIAMETER": 4.0,
    "CONN_DIAMETER": 5.0,
    "SPECIMEN_LENGTH": 72.0,
    "ROUND_RADIUS": 3.0,
    "THREADED_LENGTH": 15,
    "MAX_DISPLACEMENT": 2.60702,
    "YIELD_STRESS": 393.67,
    "MODULUS": 222376.55,
    "UTS_STRAIN": 0.09731888640142439,
    "UTS_STRESS": 656.321,
    "EN": 0.3990939327744901,
    "F": 0.0013846821587696983,
    "FN": 0.08392521932836328,
    "Q1": 0.9103179453553797,
    "Q2": 0.9120657431465253,
    "Q3": 0.9257109694898625,
    "SLOPE": 68.51991322754533,
    "SN": 0.1425983719191166
}