{
    "GAUGE_LENGTH": 25.0,
    "GAUGE_DIAMETER": 4.0,
    "CONN_DIAMETER": 5.0,
    "SPECIMEN_LENGTH": 72.0,
    "ROUND_RADIUS": 3.0,
    "THREADED_LENGTH": 15,
    "MAX_DISPLACEMENT": 2.60702,
    "YIELD_STRESS": 393.67,
    "MODULUS": 222376.55,
    "UTS_STRAIN": 0.09731888640142439,
    "UTS_STRESS": 656.321,
    "EN": 0.38778149395426265,
    "F": 0.001334753274876558,
    "FN": 0.07741400559509208,
    "Q1": 0.9539085545557597,
    "Q2": 0.9722965750391449,
    "Q3": 0.8239976389107931,
    "SLOPE": 68.81775408432833,
    "SN": 0.1444062441441074
}