{
    "GAUGE_LENGTH": 25.0,
    "GAUGE_DIAMETER": 4.0,
    "CONN_DIAMETER": 5.0,
    "SPECIMEN_LENGTH": 72.0,
    "ROUND_RADIUS": 3.0,
    "THREADED_LENGTH": 15,
    "MAX_DISPLACEMENT": 2.60702,
    "YIELD_STRESS": 393.67,
    "MODULUS": 222376.55,
    "UTS_STRAIN": 0.09731888640142439,
    "UTS_STRESS": 656.321,
    "EN": 0.3048657197994937,
    "F": 0.0014412457332447777,
    "FN": 0.039847260423680045,
    "Q1": 1.0322026845992966,
    "Q2": 0.9749460316439843,
    "Q3": 0.852818222910031,
    "SLOPE": 67.27217354562706,
    "SN": 0.1771231464920986
}