{
    "GAUGE_LENGTH": 25.0,
    "GAUGE_DIAMETER": 4.0,
    "CONN_DIAMETER": 5.0,
    "SPECIMEN_LENGTH": 72.0,
    "ROUND_RADIUS": 3.0,
    "THREADED_LENGTH": 15,
    "MAX_DISPLACEMENT": 2.60702,
    "YIELD_STRESS": 393.67,
    "MODULUS": 222376.55,
    "UTS_STRAIN": 0.09731888640142439,
    "UTS_STRESS": 656.321,
    "EN": 0.37724268781014636,
    "F": 0.0014091279492487545,
    "FN": 0.04531793709521589,
    "Q1": 0.9875311797969766,
    "Q2": 0.9010085730044597,
    "Q3": 1.1420422967056094,
    "SLOPE": 0.2795817094403907,
    "SN": 0.13937046797223018
}