{
    "GAUGE_LENGTH": 25.0,
    "GAUGE_DIAMETER": 4.0,
    "CONN_DIAMETER": 5.0,
    "SPECIMEN_LENGTH": 72.0,
    "ROUND_RADIUS": 3.0,
    "THREADED_LENGTH": 15,
    "MAX_DISPLACEMENT": 2.60702,
    "YIELD_STRESS": 393.67,
    "MODULUS": 222376.55,
    "UTS_STRAIN": 0.09731888640142439,
    "UTS_STRESS": 656.321,
    "EN": 0.33575185618339354,
    "F": 0.0013152016618109919,
    "FN": 0.0563907812390253,
    "Q1": 0.9346808547582393,
    "Q2": 0.9805125095431302,
    "Q3": 1.0302311587047606,
    "SLOPE": 68.95164059361822,
    "SN": 0.1484785899686544
}