{
    "GAUGE_LENGTH": 25.0,
    "GAUGE_DIAMETER": 4.0,
    "CONN_DIAMETER": 5.0,
    "SPECIMEN_LENGTH": 72.0,
    "ROUND_RADIUS": 3.0,
    "THREADED_LENGTH": 15,
    "MAX_DISPLACEMENT": 2.60702,
    "YIELD_STRESS": 393.67,
    "MODULUS": 222376.55,
    "UTS_STRAIN": 0.09731888640142439,
    "UTS_STRESS": 656.321,
    "EN": 0.38821399534880363,
    "F": 0.0014466555408651721,
    "FN": 0.058482635078604024,
    "Q1": 1.1544699314353424,
    "Q2": 0.9631087761089898,
    "Q3": 0.9322370350517937,
    "SLOPE": 68.94162418632948,
    "SN": 0.12069144981397661
}