{
    "GAUGE_LENGTH": 25.0,
    "GAUGE_DIAMETER": 4.0,
    "CONN_DIAMETER": 5.0,
    "SPECIMEN_LENGTH": 72.0,
    "ROUND_RADIUS": 3.0,
    "THREADED_LENGTH": 15,
    "MAX_DISPLACEMENT": 2.60702,
    "YIELD_STRESS": 393.67,
    "MODULUS": 222376.55,
    "UTS_STRAIN": 0.09731888640142439,
    "UTS_STRESS": 656.321,
    "EN": 0.2579729754082395,
    "F": 0.0014963738375329218,
    "FN": 0.04233775459490073,
    "Q1": 0.9815452233229806,
    "Q2": 0.9173805689982699,
    "Q3": 1.1754363107260875,
    "SLOPE": 0.21568058341352553,
    "SN": 0.19240120341089584
}