{
    "GAUGE_LENGTH": 25.0,
    "GAUGE_DIAMETER": 4.0,
    "CONN_DIAMETER": 5.0,
    "SPECIMEN_LENGTH": 72.0,
    "ROUND_RADIUS": 3.0,
    "THREADED_LENGTH": 15,
    "MAX_DISPLACEMENT": 2.60702,
    "YIELD_STRESS": 393.67,
    "MODULUS": 222376.55,
    "UTS_STRAIN": 0.09731888640142439,
    "UTS_STRESS": 656.321,
    "EN": 0.3576984307792641,
    "F": 0.0014929797789265892,
    "FN": 0.03695520005964626,
    "Q1": 1.0493021330095493,
    "Q2": 0.9912413354667989,
    "Q3": 0.9932388206928441,
    "SLOPE": 66.35115261357596,
    "SN": 0.10413719174972777
}