{
    "GAUGE_LENGTH": 25.0,
    "GAUGE_DIAMETER": 4.0,
    "CONN_DIAMETER": 5.0,
    "SPECIMEN_LENGTH": 72.0,
    "ROUND_RADIUS": 3.0,
    "THREADED_LENGTH": 15,
    "MAX_DISPLACEMENT": 2.60702,
    "YIELD_STRESS": 393.67,
    "MODULUS": 222376.55,
    "UTS_STRAIN": 0.09731888640142439,
    "UTS_STRESS": 656.321,
    "EN": 0.3216139351426271,
    "F": 0.001399380648531685,
    "FN": 0.06875806137428869,
    "Q1": 0.9682644262455196,
    "Q2": 1.0484547233572823,
    "Q3": 0.8925995466769665,
    "SLOPE": 69.10607398829139,
    "SN": 0.10716031649728686
}