{
    "GAUGE_LENGTH": 25.0,
    "GAUGE_DIAMETER": 4.0,
    "CONN_DIAMETER": 5.0,
    "SPECIMEN_LENGTH": 72.0,
    "ROUND_RADIUS": 3.0,
    "THREADED_LENGTH": 15,
    "MAX_DISPLACEMENT": 2.60702,
    "YIELD_STRESS": 393.67,
    "MODULUS": 222376.55,
    "UTS_STRAIN": 0.09731888640142439,
    "UTS_STRESS": 656.321,
    "EN": 0.27799235221978835,
    "F": 0.0013567797524582572,
    "FN": 0.05375425185435015,
    "Q1": 0.9602643835517619,
    "Q2": 1.0966797640187242,
    "Q3": 0.8369718420827583,
    "SLOPE": 67.047026836372,
    "SN": 0.18002888780263834
}