{
    "GAUGE_LENGTH": 25.0,
    "GAUGE_DIAMETER": 4.0,
    "CONN_DIAMETER": 5.0,
    "SPECIMEN_LENGTH": 72.0,
    "ROUND_RADIUS": 3.0,
    "THREADED_LENGTH": 15,
    "MAX_DISPLACEMENT": 2.60702,
    "YIELD_STRESS": 393.67,
    "MODULUS": 222376.55,
    "UTS_STRAIN": 0.09731888640142439,
    "UTS_STRESS": 656.321,
    "EN": 0.3086070589526819,
    "F": 0.0014490851629332154,
    "FN": 0.05824835388522437,
    "Q1": 0.9665913636882503,
    "Q2": 0.916295110829414,
    "Q3": 0.940465164204684,
    "SLOPE": 70.67842453915587,
    "SN": 0.1895790053530326
}