{
    "GAUGE_LENGTH": 25.0,
    "GAUGE_DIAMETER": 4.0,
    "CONN_DIAMETER": 5.0,
    "SPECIMEN_LENGTH": 72.0,
    "ROUND_RADIUS": 3.0,
    "THREADED_LENGTH": 15,
    "MAX_DISPLACEMENT": 2.60702,
    "YIELD_STRESS": 393.67,
    "MODULUS": 222376.55,
    "UTS_STRAIN": 0.09731888640142439,
    "UTS_STRESS": 656.321,
    "EN": 0.31773519402613365,
    "F": 0.0013539922633884853,
    "FN": 0.07294720943621777,
    "Q1": 0.9025157306962115,
    "Q2": 0.9918477951924934,
    "Q3": 0.9166281646689025,
    "SLOPE": 68.94302989283571,
    "SN": 0.10645992839695712
}