{
    "GAUGE_LENGTH": 25.0,
    "GAUGE_DIAMETER": 4.0,
    "CONN_DIAMETER": 5.0,
    "SPECIMEN_LENGTH": 72.0,
    "ROUND_RADIUS": 3.0,
    "THREADED_LENGTH": 15,
    "MAX_DISPLACEMENT": 2.60702,
    "YIELD_STRESS": 393.67,
    "MODULUS": 222376.55,
    "UTS_STRAIN": 0.09731888640142439,
    "UTS_STRESS": 656.321,
    "EN": 0.3691726832741861,
    "F": 0.0014954871174164277,
    "FN": 0.0554441217336807,
    "Q1": 1.0268528486963553,
    "Q2": 0.9537088230924285,
    "Q3": 0.8727202278977806,
    "SLOPE": 68.73358836565052,
    "SN": 0.1481149105680844
}