{
    "GAUGE_LENGTH": 25.0,
    "GAUGE_DIAMETER": 4.0,
    "CONN_DIAMETER": 5.0,
    "SPECIMEN_LENGTH": 72.0,
    "ROUND_RADIUS": 3.0,
    "THREADED_LENGTH": 15,
    "MAX_DISPLACEMENT": 2.60702,
    "YIELD_STRESS": 393.67,
    "MODULUS": 222376.55,
    "UTS_STRAIN": 0.09731888640142439,
    "UTS_STRESS": 656.321,
    "EN": 0.35171724390645454,
    "F": 0.0014930028281006423,
    "FN": 0.0727935384269355,
    "Q1": 0.9544548761940259,
    "Q2": 1.0233087540599637,
    "Q3": 0.86037893681001,
    "SLOPE": 70.661581755064,
    "SN": 0.12515095834942275
}