{
    "GAUGE_LENGTH": 25.0,
    "GAUGE_DIAMETER": 4.0,
    "CONN_DIAMETER": 5.0,
    "SPECIMEN_LENGTH": 72.0,
    "ROUND_RADIUS": 3.0,
    "THREADED_LENGTH": 15,
    "MAX_DISPLACEMENT": 2.60702,
    "YIELD_STRESS": 393.67,
    "MODULUS": 222376.55,
    "UTS_STRAIN": 0.09731888640142439,
    "UTS_STRESS": 656.321,
    "EN": 0.28016305874697534,
    "F": 0.001361889291980553,
    "FN": 0.058886610761714156,
    "Q1": 1.0023339691025375,
    "Q2": 0.9078510826525347,
    "Q3": 0.8870774417303205,
    "SLOPE": 69.11274255319087,
    "SN": 0.14723558869872488
}