{
    "GAUGE_LENGTH": 25.0,
    "GAUGE_DIAMETER": 4.0,
    "CONN_DIAMETER": 5.0,
    "SPECIMEN_LENGTH": 72.0,
    "ROUND_RADIUS": 3.0,
    "THREADED_LENGTH": 15,
    "MAX_DISPLACEMENT": 2.60702,
    "YIELD_STRESS": 393.67,
    "MODULUS": 222376.55,
    "UTS_STRAIN": 0.09731888640142439,
    "UTS_STRESS": 656.321,
    "EN": 0.36511240483153984,
    "F": 0.0014940815963099064,
    "FN": 0.04698065873687411,
    "Q1": 0.9861262877140016,
    "Q2": 0.9038661711265804,
    "Q3": 0.8246264613469134,
    "SLOPE": 66.05536709373129,
    "SN": 0.15946896596613147
}