{
    "GAUGE_LENGTH": 25.0,
    "GAUGE_DIAMETER": 4.0,
    "CONN_DIAMETER": 5.0,
    "SPECIMEN_LENGTH": 72.0,
    "ROUND_RADIUS": 3.0,
    "THREADED_LENGTH": 15,
    "MAX_DISPLACEMENT": 2.60702,
    "YIELD_STRESS": 393.67,
    "MODULUS": 222376.55,
    "UTS_STRAIN": 0.09731888640142439,
    "UTS_STRESS": 656.321,
    "EN": 0.31957556520812275,
    "F": 0.0014216607990683782,
    "FN": 0.041895065497809206,
    "Q1": 1.0848789023867629,
    "Q2": 0.9702544565588064,
    "Q3": 0.9526156520162057,
    "SLOPE": 0.036468197979791575,
    "SN": 0.14193390568299444
}