{
    "GAUGE_LENGTH": 25.0,
    "GAUGE_DIAMETER": 4.0,
    "CONN_DIAMETER": 5.0,
    "SPECIMEN_LENGTH": 72.0,
    "ROUND_RADIUS": 3.0,
    "THREADED_LENGTH": 15,
    "MAX_DISPLACEMENT": 2.60702,
    "YIELD_STRESS": 393.67,
    "MODULUS": 222376.55,
    "UTS_STRAIN": 0.09731888640142439,
    "UTS_STRESS": 656.321,
    "EN": 0.3032342394236697,
    "F": 0.0013448626359216294,
    "FN": 0.03059960328005962,
    "Q1": 1.0430755536010756,
    "Q2": 0.9638536089365431,
    "Q3": 0.866907708299411,
    "SLOPE": 65.9660868833939,
    "SN": 0.19045269882536323
}