{
    "GAUGE_LENGTH": 25.0,
    "GAUGE_DIAMETER": 4.0,
    "CONN_DIAMETER": 5.0,
    "SPECIMEN_LENGTH": 72.0,
    "ROUND_RADIUS": 3.0,
    "THREADED_LENGTH": 15,
    "MAX_DISPLACEMENT": 2.60702,
    "YIELD_STRESS": 393.67,
    "MODULUS": 222376.55,
    "UTS_STRAIN": 0.09731888640142439,
    "UTS_STRESS": 656.321,
    "EN": 0.2653070952421565,
    "F": 0.001410481038745709,
    "FN": 0.07329039701193937,
    "Q1": 0.9511366852783025,
    "Q2": 1.073894188982741,
    "Q3": 0.8985239007134844,
    "SLOPE": 69.21599250744244,
    "SN": 0.15328216241198522
}