{
    "GAUGE_LENGTH": 25.0,
    "GAUGE_DIAMETER": 4.0,
    "CONN_DIAMETER": 5.0,
    "SPECIMEN_LENGTH": 72.0,
    "ROUND_RADIUS": 3.0,
    "THREADED_LENGTH": 15,
    "MAX_DISPLACEMENT": 2.60702,
    "YIELD_STRESS": 393.67,
    "MODULUS": 222376.55,
    "UTS_STRAIN": 0.09731888640142439,
    "UTS_STRESS": 656.321,
    "EN": 0.31220919916061735,
    "F": 0.0014393759134878831,
    "FN": 0.07732712100199007,
    "Q1": 1.168798056008129,
    "Q2": 0.925590950548372,
    "Q3": 0.8878776988815068,
    "SLOPE": 69.08772978051172,
    "SN": 0.16187732262196297
}