{
    "GAUGE_LENGTH": 25.0,
    "GAUGE_DIAMETER": 4.0,
    "CONN_DIAMETER": 5.0,
    "SPECIMEN_LENGTH": 72.0,
    "ROUND_RADIUS": 3.0,
    "THREADED_LENGTH": 15,
    "MAX_DISPLACEMENT": 2.60702,
    "YIELD_STRESS": 393.67,
    "MODULUS": 222376.55,
    "UTS_STRAIN": 0.09731888640142439,
    "UTS_STRESS": 656.321,
    "EN": 0.33638779556130144,
    "F": 0.0013532812315416257,
    "FN": 0.04326108271031537,
    "Q1": 1.0364649194809323,
    "Q2": 0.9784161900435676,
    "Q3": 0.8711825720541295,
    "SLOPE": 68.64612543375306,
    "SN": 0.1770105809653485
}