{
    "GAUGE_LENGTH": 25.0,
    "GAUGE_DIAMETER": 4.0,
    "CONN_DIAMETER": 5.0,
    "SPECIMEN_LENGTH": 72.0,
    "ROUND_RADIUS": 3.0,
    "THREADED_LENGTH": 15,
    "MAX_DISPLACEMENT": 2.60702,
    "YIELD_STRESS": 393.67,
    "MODULUS": 222376.55,
    "UTS_STRAIN": 0.09731888640142439,
    "UTS_STRESS": 656.321,
    "EN": 0.3494979600521793,
    "F": 0.0013275736647430027,
    "FN": 0.045891401611620725,
    "Q1": 0.910705567614303,
    "Q2": 1.0444406088963174,
    "Q3": 1.0749347161374705,
    "SLOPE": 67.0427833538621,
    "SN": 0.18490970952832048
}