{
    "GAUGE_LENGTH": 25.0,
    "GAUGE_DIAMETER": 4.0,
    "CONN_DIAMETER": 5.0,
    "SPECIMEN_LENGTH": 72.0,
    "ROUND_RADIUS": 3.0,
    "THREADED_LENGTH": 15,
    "MAX_DISPLACEMENT": 2.60702,
    "YIELD_STRESS": 393.67,
    "MODULUS": 222376.55,
    "UTS_STRAIN": 0.09731888640142439,
    "UTS_STRESS": 656.321,
    "EN": 0.26553660900181525,
    "F": 0.0014061801180458278,
    "FN": 0.04366822736481026,
    "Q1": 0.9133716992473662,
    "Q2": 0.9592003759871576,
    "Q3": 1.1728062007092346,
    "SLOPE": 260.3126257622552,
    "SN": 0.19900611950854438
}