{
    "GAUGE_LENGTH": 25.0,
    "GAUGE_DIAMETER": 4.0,
    "CONN_DIAMETER": 5.0,
    "SPECIMEN_LENGTH": 72.0,
    "ROUND_RADIUS": 3.0,
    "THREADED_LENGTH": 15,
    "MAX_DISPLACEMENT": 2.60702,
    "YIELD_STRESS": 393.67,
    "MODULUS": 222376.55,
    "UTS_STRAIN": 0.09731888640142439,
    "UTS_STRESS": 656.321,
    "EN": 0.323402343653652,
    "F": 0.0013488745369299665,
    "FN": 0.06791224228900898,
    "Q1": 1.08031969435085,
    "Q2": 1.0068852844264853,
    "Q3": 0.9374692668364986,
    "SLOPE": 70.87477603791663,
    "SN": 0.19571827456657612
}