{
    "GAUGE_LENGTH": 25.0,
    "GAUGE_DIAMETER": 4.0,
    "CONN_DIAMETER": 5.0,
    "SPECIMEN_LENGTH": 72.0,
    "ROUND_RADIUS": 3.0,
    "THREADED_LENGTH": 15,
    "MAX_DISPLACEMENT": 2.60702,
    "YIELD_STRESS": 393.67,
    "MODULUS": 222376.55,
    "UTS_STRAIN": 0.09731888640142439,
    "UTS_STRESS": 656.321,
    "EN": 0.37205894184801513,
    "F": 0.0013037582399724771,
    "FN": 0.06555013249766214,
    "Q1": 0.9739917467841115,
    "Q2": 0.9766128543772289,
    "Q3": 0.9690769587273271,
    "SLOPE": 0.2549818747685262,
    "SN": 0.1324427126348588
}