{
    "GAUGE_LENGTH": 25.0,
    "GAUGE_DIAMETER": 4.0,
    "CONN_DIAMETER": 5.0,
    "SPECIMEN_LENGTH": 72.0,
    "ROUND_RADIUS": 3.0,
    "THREADED_LENGTH": 15,
    "MAX_DISPLACEMENT": 2.60702,
    "YIELD_STRESS": 393.67,
    "MODULUS": 222376.55,
    "UTS_STRAIN": 0.09731888640142439,
    "UTS_STRESS": 656.321,
    "EN": 0.27127738067219603,
    "F": 0.001313460219316705,
    "FN": 0.08413376427948098,
    "Q1": 1.023907022711735,
    "Q2": 0.9125238526231948,
    "Q3": 0.8452358069804043,
    "SLOPE": 66.75420399748043,
    "SN": 0.14802086368753611
}