{
    "GAUGE_LENGTH": 25.0,
    "GAUGE_DIAMETER": 4.0,
    "CONN_DIAMETER": 5.0,
    "SPECIMEN_LENGTH": 72.0,
    "ROUND_RADIUS": 3.0,
    "THREADED_LENGTH": 15,
    "MAX_DISPLACEMENT": 2.60702,
    "YIELD_STRESS": 393.67,
    "MODULUS": 222376.55,
    "UTS_STRAIN": 0.09731888640142439,
    "UTS_STRESS": 656.321,
    "EN": 0.3148435565451499,
    "F": 0.0013036785904643302,
    "FN": 0.07280153503364747,
    "Q1": 1.1303672813151704,
    "Q2": 0.9987187405505379,
    "Q3": 0.840917745627548,
    "SLOPE": 68.32429311113538,
    "SN": 0.19241740367291554
}