{
    "GAUGE_LENGTH": 25.0,
    "GAUGE_DIAMETER": 4.0,
    "CONN_DIAMETER": 5.0,
    "SPECIMEN_LENGTH": 72.0,
    "ROUND_RADIUS": 3.0,
    "THREADED_LENGTH": 15,
    "MAX_DISPLACEMENT": 2.60702,
    "YIELD_STRESS": 393.67,
    "MODULUS": 222376.55,
    "UTS_STRAIN": 0.09731888640142439,
    "UTS_STRESS": 656.321,
    "EN": 0.2665253417989724,
    "F": 0.0014303900725423117,
    "FN": 0.06448375941523027,
    "Q1": 0.9773184769890689,
    "Q2": 1.0146712249790368,
    "Q3": 1.0278418021982516,
    "SLOPE": 68.23476489879756,
    "SN": 0.16733204886419234
}