{
    "GAUGE_LENGTH": 25.0,
    "GAUGE_DIAMETER": 4.0,
    "CONN_DIAMETER": 5.0,
    "SPECIMEN_LENGTH": 72.0,
    "ROUND_RADIUS": 3.0,
    "THREADED_LENGTH": 15,
    "MAX_DISPLACEMENT": 2.60702,
    "YIELD_STRESS": 393.67,
    "MODULUS": 222376.55,
    "UTS_STRAIN": 0.09731888640142439,
    "UTS_STRESS": 656.321,
    "EN": 0.2915504915030707,
    "F": 0.0013757358030853561,
    "FN": 0.07000692551139873,
    "Q1": 0.98651701466964,
    "Q2": 0.912775376424918,
    "Q3": 0.8518733748932562,
    "SLOPE": 68.93440500131229,
    "SN": 0.14649317924531688
}