{
    "GAUGE_LENGTH": 25.0,
    "GAUGE_DIAMETER": 4.0,
    "CONN_DIAMETER": 5.0,
    "SPECIMEN_LENGTH": 72.0,
    "ROUND_RADIUS": 3.0,
    "THREADED_LENGTH": 15,
    "MAX_DISPLACEMENT": 2.60702,
    "YIELD_STRESS": 393.67,
    "MODULUS": 222376.55,
    "UTS_STRAIN": 0.09731888640142439,
    "UTS_STRESS": 656.321,
    "EN": 0.2737017186718841,
    "F": 0.001339082547110283,
    "FN": 0.055126980362417644,
    "Q1": 0.9282158245626266,
    "Q2": 0.9264518981784112,
    "Q3": 0.8998591450268373,
    "SLOPE": 68.6766066673548,
    "SN": 0.11341341344154739
}