{
    "GAUGE_LENGTH": 25.0,
    "GAUGE_DIAMETER": 4.0,
    "CONN_DIAMETER": 5.0,
    "SPECIMEN_LENGTH": 72.0,
    "ROUND_RADIUS": 3.0,
    "THREADED_LENGTH": 15,
    "MAX_DISPLACEMENT": 2.60702,
    "YIELD_STRESS": 393.67,
    "MODULUS": 222376.55,
    "UTS_STRAIN": 0.09731888640142439,
    "UTS_STRESS": 656.321,
    "EN": 0.38264314375451347,
    "F": 0.0013650642685376464,
    "FN": 0.07148305847651032,
    "Q1": 1.1058238310207171,
    "Q2": 0.9312191032568966,
    "Q3": 0.8317582915936049,
    "SLOPE": 69.41867799207672,
    "SN": 0.1618121552377744
}