{
    "GAUGE_LENGTH": 25.0,
    "GAUGE_DIAMETER": 4.0,
    "CONN_DIAMETER": 5.0,
    "SPECIMEN_LENGTH": 72.0,
    "ROUND_RADIUS": 3.0,
    "THREADED_LENGTH": 15,
    "MAX_DISPLACEMENT": 2.60702,
    "YIELD_STRESS": 393.67,
    "MODULUS": 222376.55,
    "UTS_STRAIN": 0.09731888640142439,
    "UTS_STRESS": 656.321,
    "EN": 0.3196515271398269,
    "F": 0.001301733267304714,
    "FN": 0.08188628276304025,
    "Q1": 0.9359463356814376,
    "Q2": 0.905735881921283,
    "Q3": 0.9372685807065095,
    "SLOPE": 75.88772650051045,
    "SN": 0.10219488643939398
}