{
    "GAUGE_LENGTH": 25.0,
    "GAUGE_DIAMETER": 4.0,
    "CONN_DIAMETER": 5.0,
    "SPECIMEN_LENGTH": 72.0,
    "ROUND_RADIUS": 3.0,
    "THREADED_LENGTH": 15,
    "MAX_DISPLACEMENT": 2.60702,
    "YIELD_STRESS": 393.67,
    "MODULUS": 222376.55,
    "UTS_STRAIN": 0.09731888640142439,
    "UTS_STRESS": 656.321,
    "EN": 0.3202901792016483,
    "F": 0.001328905112970782,
    "FN": 0.07300634123115371,
    "Q1": 1.0038508477375048,
    "Q2": 1.0843866659908983,
    "Q3": 0.8586649437304359,
    "SLOPE": 69.26045174464001,
    "SN": 0.14442767787604013
}