{
    "GAUGE_LENGTH": 25.0,
    "GAUGE_DIAMETER": 4.0,
    "CONN_DIAMETER": 5.0,
    "SPECIMEN_LENGTH": 72.0,
    "ROUND_RADIUS": 3.0,
    "THREADED_LENGTH": 15,
    "MAX_DISPLACEMENT": 2.60702,
    "YIELD_STRESS": 393.67,
    "MODULUS": 222376.55,
    "UTS_STRAIN": 0.09731888640142439,
    "UTS_STRESS": 656.321,
    "EN": 0.3374837344648425,
    "F": 0.00135358213582557,
    "FN": 0.08022964459697071,
    "Q1": 0.9740334011308115,
    "Q2": 1.0596606174541932,
    "Q3": 0.9243544899564391,
    "SLOPE": 81.27707957750256,
    "SN": 0.10042382195885782
}