{
    "GAUGE_LENGTH": 25.0,
    "GAUGE_DIAMETER": 4.0,
    "CONN_DIAMETER": 5.0,
    "SPECIMEN_LENGTH": 72.0,
    "ROUND_RADIUS": 3.0,
    "THREADED_LENGTH": 15,
    "MAX_DISPLACEMENT": 2.60702,
    "YIELD_STRESS": 393.67,
    "MODULUS": 222376.55,
    "UTS_STRAIN": 0.09731888640142439,
    "UTS_STRESS": 656.321,
    "EN": 0.3521023773853045,
    "F": 0.001344005500285547,
    "FN": 0.03781980654015141,
    "Q1": 1.015548787110235,
    "Q2": 1.021560051870288,
    "Q3": 0.8519207319126332,
    "SLOPE": 70.59990749225744,
    "SN": 0.16098625775690553
}