{
    "GAUGE_LENGTH": 25.0,
    "GAUGE_DIAMETER": 4.0,
    "CONN_DIAMETER": 5.0,
    "SPECIMEN_LENGTH": 72.0,
    "ROUND_RADIUS": 3.0,
    "THREADED_LENGTH": 15,
    "MAX_DISPLACEMENT": 2.60702,
    "YIELD_STRESS": 393.67,
    "MODULUS": 222376.55,
    "UTS_STRAIN": 0.09731888640142439,
    "UTS_STRESS": 656.321,
    "EN": 0.29229380416908235,
    "F": 0.0013452640376827427,
    "FN": 0.0812134340740723,
    "Q1": 1.061614752459393,
    "Q2": 0.9553666446529847,
    "Q3": 0.8383825776028018,
    "SLOPE": 69.0097764801333,
    "SN": 0.16752561514620434
}