{
    "GAUGE_LENGTH": 25.0,
    "GAUGE_DIAMETER": 4.0,
    "CONN_DIAMETER": 5.0,
    "SPECIMEN_LENGTH": 72.0,
    "ROUND_RADIUS": 3.0,
    "THREADED_LENGTH": 15,
    "MAX_DISPLACEMENT": 2.60702,
    "YIELD_STRESS": 393.67,
    "MODULUS": 222376.55,
    "UTS_STRAIN": 0.09731888640142439,
    "UTS_STRESS": 656.321,
    "EN": 0.27765718983066817,
    "F": 0.0013302913537121069,
    "FN": 0.03942047863068271,
    "Q1": 0.998034486587719,
    "Q2": 0.9066646449796135,
    "Q3": 0.8272553469081575,
    "SLOPE": 73.0704979286978,
    "SN": 0.11964726231575319
}