{
    "GAUGE_LENGTH": 25.0,
    "GAUGE_DIAMETER": 4.0,
    "CONN_DIAMETER": 5.0,
    "SPECIMEN_LENGTH": 72.0,
    "ROUND_RADIUS": 3.0,
    "THREADED_LENGTH": 15,
    "MAX_DISPLACEMENT": 2.60702,
    "YIELD_STRESS": 393.67,
    "MODULUS": 222376.55,
    "UTS_STRAIN": 0.09731888640142439,
    "UTS_STRESS": 656.321,
    "EN": 0.399208609415467,
    "F": 0.0013436136928284756,
    "FN": 0.047808781687198924,
    "Q1": 0.9368933685172448,
    "Q2": 0.9789773995850934,
    "Q3": 1.0342709680970166,
    "SLOPE": 68.87682917453206,
    "SN": 0.16272262296322404
}