{
    "GAUGE_LENGTH": 25.0,
    "GAUGE_DIAMETER": 4.0,
    "CONN_DIAMETER": 5.0,
    "SPECIMEN_LENGTH": 72.0,
    "ROUND_RADIUS": 3.0,
    "THREADED_LENGTH": 15,
    "MAX_DISPLACEMENT": 2.60702,
    "YIELD_STRESS": 393.67,
    "MODULUS": 222376.55,
    "UTS_STRAIN": 0.09731888640142439,
    "UTS_STRESS": 656.321,
    "EN": 0.3370910623699085,
    "F": 0.0013202586421660653,
    "FN": 0.05491156874700681,
    "Q1": 0.9929535264347468,
    "Q2": 1.0104695877769156,
    "Q3": 0.8810536088403615,
    "SLOPE": 87.79416432726518,
    "SN": 0.15044534900517156
}