{
    "GAUGE_LENGTH": 25.0,
    "GAUGE_DIAMETER": 4.0,
    "CONN_DIAMETER": 5.0,
    "SPECIMEN_LENGTH": 72.0,
    "ROUND_RADIUS": 3.0,
    "THREADED_LENGTH": 15,
    "MAX_DISPLACEMENT": 2.60702,
    "YIELD_STRESS": 393.67,
    "MODULUS": 222376.55,
    "UTS_STRAIN": 0.09731888640142439,
    "UTS_STRESS": 656.321,
    "EN": 0.38159549896131034,
    "F": 0.0013444678919251045,
    "FN": 0.04836537924807195,
    "Q1": 1.1325314069346326,
    "Q2": 0.9952639006550825,
    "Q3": 0.9259531028493176,
    "SLOPE": 68.36381624945321,
    "SN": 0.1483734652440711
}