{
    "GAUGE_LENGTH": 25.0,
    "GAUGE_DIAMETER": 4.0,
    "CONN_DIAMETER": 5.0,
    "SPECIMEN_LENGTH": 72.0,
    "ROUND_RADIUS": 3.0,
    "THREADED_LENGTH": 15,
    "MAX_DISPLACEMENT": 2.60702,
    "YIELD_STRESS": 393.67,
    "MODULUS": 222376.55,
    "UTS_STRAIN": 0.09731888640142439,
    "UTS_STRESS": 656.321,
    "EN": 0.31570261857351467,
    "F": 0.001343571937060341,
    "FN": 0.08817005562732425,
    "Q1": 1.0975702224020736,
    "Q2": 0.9088583749486728,
    "Q3": 1.150497194459347,
    "SLOPE": 69.02360793439392,
    "SN": 0.15651461032340555
}