{
    "GAUGE_LENGTH": 25.0,
    "GAUGE_DIAMETER": 4.0,
    "CONN_DIAMETER": 5.0,
    "SPECIMEN_LENGTH": 72.0,
    "ROUND_RADIUS": 3.0,
    "THREADED_LENGTH": 15,
    "MAX_DISPLACEMENT": 2.60702,
    "YIELD_STRESS": 393.67,
    "MODULUS": 222376.55,
    "UTS_STRAIN": 0.09731888640142439,
    "UTS_STRESS": 656.321,
    "EN": 0.3788711083327718,
    "F": 0.0013613205393141145,
    "FN": 0.06876636465052041,
    "Q1": 0.9029766211741486,
    "Q2": 0.9481110880818248,
    "Q3": 0.8506743187809044,
    "SLOPE": 69.14098010529251,
    "SN": 0.15464533601889927
}