{
    "GAUGE_LENGTH": 25.0,
    "GAUGE_DIAMETER": 4.0,
    "CONN_DIAMETER": 5.0,
    "SPECIMEN_LENGTH": 72.0,
    "ROUND_RADIUS": 3.0,
    "THREADED_LENGTH": 15,
    "MAX_DISPLACEMENT": 2.60702,
    "YIELD_STRESS": 393.67,
    "MODULUS": 222376.55,
    "UTS_STRAIN": 0.09731888640142439,
    "UTS_STRESS": 656.321,
    "EN": 0.3434746261678542,
    "F": 0.0013801532636069282,
    "FN": 0.08992384917076474,
    "Q1": 1.1196080747962118,
    "Q2": 0.9052329455370204,
    "Q3": 0.8303236764290025,
    "SLOPE": 81.65759756640455,
    "SN": 0.18351451490129417
}