{
    "GAUGE_LENGTH": 25.0,
    "GAUGE_DIAMETER": 4.0,
    "CONN_DIAMETER": 5.0,
    "SPECIMEN_LENGTH": 72.0,
    "ROUND_RADIUS": 3.0,
    "THREADED_LENGTH": 15,
    "MAX_DISPLACEMENT": 2.60702,
    "YIELD_STRESS": 393.67,
    "MODULUS": 222376.55,
    "UTS_STRAIN": 0.09731888640142439,
    "UTS_STRESS": 656.321,
    "EN": 0.25723079961534806,
    "F": 0.0014193223131102255,
    "FN": 0.05352342972970529,
    "Q1": 1.0418398325336684,
    "Q2": 0.9018163401868243,
    "Q3": 1.0787561186029602,
    "SLOPE": 70.04468291059572,
    "SN": 0.18815342709624117
}