{
    "GAUGE_LENGTH": 25.0,
    "GAUGE_DIAMETER": 4.0,
    "CONN_DIAMETER": 5.0,
    "SPECIMEN_LENGTH": 72.0,
    "ROUND_RADIUS": 3.0,
    "THREADED_LENGTH": 15,
    "MAX_DISPLACEMENT": 2.60702,
    "YIELD_STRESS": 393.67,
    "MODULUS": 222376.55,
    "UTS_STRAIN": 0.09731888640142439,
    "UTS_STRESS": 656.321,
    "EN": 0.2797062198317875,
    "F": 0.0013271832069520384,
    "FN": 0.038764186689094884,
    "Q1": 0.9601332202689108,
    "Q2": 0.9128793038203928,
    "Q3": 0.9108294835859517,
    "SLOPE": 66.16204537677339,
    "SN": 0.14367489138345776
}