{
    "GAUGE_LENGTH": 25.0,
    "GAUGE_DIAMETER": 4.0,
    "CONN_DIAMETER": 5.0,
    "SPECIMEN_LENGTH": 72.0,
    "ROUND_RADIUS": 3.0,
    "THREADED_LENGTH": 15,
    "MAX_DISPLACEMENT": 2.60702,
    "YIELD_STRESS": 393.67,
    "MODULUS": 222376.55,
    "UTS_STRAIN": 0.09731888640142439,
    "UTS_STRESS": 656.321,
    "EN": 0.34512694355354717,
    "F": 0.0014596564573160073,
    "FN": 0.05359289081326687,
    "Q1": 0.9790515836378955,
    "Q2": 0.9488275109298394,
    "Q3": 0.814136752300021,
    "SLOPE": 74.26470133918698,
    "SN": 0.1848335038880046
}