{
    "GAUGE_LENGTH": 25.0,
    "GAUGE_DIAMETER": 4.0,
    "CONN_DIAMETER": 5.0,
    "SPECIMEN_LENGTH": 72.0,
    "ROUND_RADIUS": 3.0,
    "THREADED_LENGTH": 15,
    "MAX_DISPLACEMENT": 2.60702,
    "YIELD_STRESS": 393.67,
    "MODULUS": 222376.55,
    "UTS_STRAIN": 0.09731888640142439,
    "UTS_STRESS": 656.321,
    "EN": 0.26044852918033473,
    "F": 0.0013570050089675388,
    "FN": 0.05366437638383549,
    "Q1": 0.9146890752748124,
    "Q2": 1.0460300468258366,
    "Q3": 0.9088161937090982,
    "SLOPE": 68.72757553380819,
    "SN": 0.12311552743387462
}