{
    "GAUGE_LENGTH": 25.0,
    "GAUGE_DIAMETER": 4.0,
    "CONN_DIAMETER": 5.0,
    "SPECIMEN_LENGTH": 72.0,
    "ROUND_RADIUS": 3.0,
    "THREADED_LENGTH": 15,
    "MAX_DISPLACEMENT": 2.60702,
    "YIELD_STRESS": 393.67,
    "MODULUS": 222376.55,
    "UTS_STRAIN": 0.09731888640142439,
    "UTS_STRESS": 656.321,
    "EN": 0.33737920896105156,
    "F": 0.0013472128245169952,
    "FN": 0.08164050923748002,
    "Q1": 1.1463024621298792,
    "Q2": 1.079738382604918,
    "Q3": 0.9466155201354312,
    "SLOPE": 0.03776024510306207,
    "SN": 0.12378759453419659
}