{
    "GAUGE_LENGTH": 25.0,
    "GAUGE_DIAMETER": 4.0,
    "CONN_DIAMETER": 5.0,
    "SPECIMEN_LENGTH": 72.0,
    "ROUND_RADIUS": 3.0,
    "THREADED_LENGTH": 15,
    "MAX_DISPLACEMENT": 2.60702,
    "YIELD_STRESS": 393.67,
    "MODULUS": 222376.55,
    "UTS_STRAIN": 0.09731888640142439,
    "UTS_STRESS": 656.321,
    "EN": 0.25931128299790585,
    "F": 0.0014867478527752283,
    "FN": 0.04881737841755444,
    "Q1": 0.9776070564152463,
    "Q2": 1.0175295314177448,
    "Q3": 0.8191673950387388,
    "SLOPE": 65.46434612147434,
    "SN": 0.15048916315457866
}