{
    "GAUGE_LENGTH": 25.0,
    "GAUGE_DIAMETER": 4.0,
    "CONN_DIAMETER": 5.0,
    "SPECIMEN_LENGTH": 72.0,
    "ROUND_RADIUS": 3.0,
    "THREADED_LENGTH": 15,
    "MAX_DISPLACEMENT": 2.60702,
    "YIELD_STRESS": 393.67,
    "MODULUS": 222376.55,
    "UTS_STRAIN": 0.09731888640142439,
    "UTS_STRESS": 656.321,
    "EN": 0.25426461671337924,
    "F": 0.001391304016017595,
    "FN": 0.0442421551775511,
    "Q1": 0.9001752642940885,
    "Q2": 1.0864541538468075,
    "Q3": 0.8293110905249839,
    "SLOPE": 68.67041952272054,
    "SN": 0.1534796687803234
}