{
    "GAUGE_LENGTH": 25.0,
    "GAUGE_DIAMETER": 4.0,
    "CONN_DIAMETER": 5.0,
    "SPECIMEN_LENGTH": 72.0,
    "ROUND_RADIUS": 3.0,
    "THREADED_LENGTH": 15,
    "MAX_DISPLACEMENT": 2.60702,
    "YIELD_STRESS": 393.67,
    "MODULUS": 222376.55,
    "UTS_STRAIN": 0.09731888640142439,
    "UTS_STRESS": 656.321,
    "EN": 0.36813897186089295,
    "F": 0.0013901908763865466,
    "FN": 0.05360067656072655,
    "Q1": 0.9050261789814916,
    "Q2": 1.0898783790180384,
    "Q3": 0.8484948166664597,
    "SLOPE": 68.82266318496345,
    "SN": 0.11776048435430991
}