{
    "GAUGE_LENGTH": 25.0,
    "GAUGE_DIAMETER": 4.0,
    "CONN_DIAMETER": 5.0,
    "SPECIMEN_LENGTH": 72.0,
    "ROUND_RADIUS": 3.0,
    "THREADED_LENGTH": 15,
    "MAX_DISPLACEMENT": 2.60702,
    "YIELD_STRESS": 393.67,
    "MODULUS": 222376.55,
    "UTS_STRAIN": 0.09731888640142439,
    "UTS_STRESS": 656.321,
    "EN": 0.3356025210134382,
    "F": 0.001390372213299211,
    "FN": 0.06448366794883627,
    "Q1": 0.9064867703440933,
    "Q2": 0.9482272044717026,
    "Q3": 0.873540333369446,
    "SLOPE": 69.28904505920823,
    "SN": 0.17403319050158947
}