{
    "GAUGE_LENGTH": 25.0,
    "GAUGE_DIAMETER": 4.0,
    "CONN_DIAMETER": 5.0,
    "SPECIMEN_LENGTH": 72.0,
    "ROUND_RADIUS": 3.0,
    "THREADED_LENGTH": 15,
    "MAX_DISPLACEMENT": 2.60702,
    "YIELD_STRESS": 393.67,
    "MODULUS": 222376.55,
    "UTS_STRAIN": 0.09731888640142439,
    "UTS_STRESS": 656.321,
    "EN": 0.3663891079254499,
    "F": 0.0013362846026606303,
    "FN": 0.07886788775415962,
    "Q1": 1.119101416644254,
    "Q2": 0.911047932596761,
    "Q3": 0.8570658932487485,
    "SLOPE": 77.98080891825269,
    "SN": 0.12033356112179748
}