{
    "GAUGE_LENGTH": 25.0,
    "GAUGE_DIAMETER": 4.0,
    "CONN_DIAMETER": 5.0,
    "SPECIMEN_LENGTH": 72.0,
    "ROUND_RADIUS": 3.0,
    "THREADED_LENGTH": 15,
    "MAX_DISPLACEMENT": 2.60702,
    "YIELD_STRESS": 393.67,
    "MODULUS": 222376.55,
    "UTS_STRAIN": 0.09731888640142439,
    "UTS_STRESS": 656.321,
    "EN": 0.3622536567496176,
    "F": 0.0014859520986562418,
    "FN": 0.038174925362254114,
    "Q1": 0.9169839554654603,
    "Q2": 1.0847172312007873,
    "Q3": 0.8152153172689587,
    "SLOPE": 68.93803490112562,
    "SN": 0.1697186171872317
}