{
    "GAUGE_LENGTH": 25.0,
    "GAUGE_DIAMETER": 4.0,
    "CONN_DIAMETER": 5.0,
    "SPECIMEN_LENGTH": 72.0,
    "ROUND_RADIUS": 3.0,
    "THREADED_LENGTH": 15,
    "MAX_DISPLACEMENT": 2.60702,
    "YIELD_STRESS": 393.67,
    "MODULUS": 222376.55,
    "UTS_STRAIN": 0.09731888640142439,
    "UTS_STRESS": 656.321,
    "EN": 0.25384808521192487,
    "F": 0.0013156111867924226,
    "FN": 0.05807043613192188,
    "Q1": 1.5868800787232862,
    "Q2": 0.9336839499638169,
    "Q3": 2.3998026185616763,
    "SLOPE": 0.042059293428973465,
    "SN": 0.10150079720341942
}