{
    "GAUGE_LENGTH": 25.0,
    "GAUGE_DIAMETER": 4.0,
    "CONN_DIAMETER": 5.0,
    "SPECIMEN_LENGTH": 72.0,
    "ROUND_RADIUS": 3.0,
    "THREADED_LENGTH": 15,
    "MAX_DISPLACEMENT": 2.60702,
    "YIELD_STRESS": 393.67,
    "MODULUS": 222376.55,
    "UTS_STRAIN": 0.09731888640142439,
    "UTS_STRESS": 656.321,
    "EN": 0.2724916027125755,
    "F": 0.0013882254073714143,
    "FN": 0.03895425800389028,
    "Q1": 1.3882015549457227,
    "Q2": 1.0715683792597093,
    "Q3": 2.4801904488629045,
    "SLOPE": 515.8425892814631,
    "SN": 0.17834994758361458
}