{
    "GAUGE_LENGTH": 25.0,
    "GAUGE_DIAMETER": 4.0,
    "CONN_DIAMETER": 5.0,
    "SPECIMEN_LENGTH": 72.0,
    "ROUND_RADIUS": 3.0,
    "THREADED_LENGTH": 15,
    "MAX_DISPLACEMENT": 2.60702,
    "YIELD_STRESS": 393.67,
    "MODULUS": 222376.55,
    "UTS_STRAIN": 0.09731888640142439,
    "UTS_STRESS": 656.321,
    "EN": 0.3024169127085953,
    "F": 0.0013360324212831913,
    "FN": 0.0587715489604677,
    "Q1": 1.3588918963806322,
    "Q2": 0.9527034059577679,
    "Q3": 2.32276363512374,
    "SLOPE": 0.04615285072592306,
    "SN": 0.16644272665015253
}