{
    "GAUGE_LENGTH": 25.0,
    "GAUGE_DIAMETER": 4.0,
    "CONN_DIAMETER": 5.0,
    "SPECIMEN_LENGTH": 72.0,
    "ROUND_RADIUS": 3.0,
    "THREADED_LENGTH": 15,
    "MAX_DISPLACEMENT": 2.60702,
    "YIELD_STRESS": 393.67,
    "MODULUS": 222376.55,
    "UTS_STRAIN": 0.09731888640142439,
    "UTS_STRESS": 656.321,
    "EN": 0.3817945484518428,
    "F": 0.0013368851050317408,
    "FN": 0.04292102083103133,
    "Q1": 1.2251447822715202,
    "Q2": 0.9298034247369561,
    "Q3": 0.8251563000449089,
    "SLOPE": 91.33843849676798,
    "SN": 0.10332217684176159
}