{
    "GAUGE_LENGTH": 25.0,
    "GAUGE_DIAMETER": 4.0,
    "CONN_DIAMETER": 5.0,
    "SPECIMEN_LENGTH": 72.0,
    "ROUND_RADIUS": 3.0,
    "THREADED_LENGTH": 15,
    "MAX_DISPLACEMENT": 2.60702,
    "YIELD_STRESS": 393.67,
    "MODULUS": 222376.55,
    "UTS_STRAIN": 0.09731888640142439,
    "UTS_STRESS": 656.321,
    "EN": 0.33603465336858507,
    "F": 0.00146326357925339,
    "FN": 0.053587619165292186,
    "Q1": 0.911830552131674,
    "Q2": 1.0700815151884546,
    "Q3": 0.8292916226928249,
    "SLOPE": 68.77225506590166,
    "SN": 0.16032601402214353
}