{
    "GAUGE_LENGTH": 25.0,
    "GAUGE_DIAMETER": 4.0,
    "CONN_DIAMETER": 5.0,
    "SPECIMEN_LENGTH": 72.0,
    "ROUND_RADIUS": 3.0,
    "THREADED_LENGTH": 15,
    "MAX_DISPLACEMENT": 2.60702,
    "YIELD_STRESS": 393.67,
    "MODULUS": 222376.55,
    "UTS_STRAIN": 0.09731888640142439,
    "UTS_STRESS": 656.321,
    "EN": 0.3327407821947566,
    "F": 0.0013512822773392489,
    "FN": 0.06290538549171283,
    "Q1": 0.9072626248164654,
    "Q2": 0.940067996482665,
    "Q3": 1.0761610997841302,
    "SLOPE": 68.6794304533592,
    "SN": 0.1613917580827071
}