{
    "GAUGE_LENGTH": 25.0,
    "GAUGE_DIAMETER": 4.0,
    "CONN_DIAMETER": 5.0,
    "SPECIMEN_LENGTH": 72.0,
    "ROUND_RADIUS": 3.0,
    "THREADED_LENGTH": 15,
    "MAX_DISPLACEMENT": 2.60702,
    "YIELD_STRESS": 393.67,
    "MODULUS": 222376.55,
    "UTS_STRAIN": 0.09731888640142439,
    "UTS_STRESS": 656.321,
    "EN": 0.3616865574745239,
    "F": 0.0013666169565553178,
    "FN": 0.048543769402297765,
    "Q1": 1.5252050581833059,
    "Q2": 1.0418202620250603,
    "Q3": 0.9333495516761914,
    "SLOPE": 379.8157215744824,
    "SN": 0.10503886828853756
}