{
    "GAUGE_LENGTH": 25.0,
    "GAUGE_DIAMETER": 4.0,
    "CONN_DIAMETER": 5.0,
    "SPECIMEN_LENGTH": 72.0,
    "ROUND_RADIUS": 3.0,
    "THREADED_LENGTH": 15,
    "MAX_DISPLACEMENT": 2.60702,
    "YIELD_STRESS": 393.67,
    "MODULUS": 222376.55,
    "UTS_STRAIN": 0.09731888640142439,
    "UTS_STRESS": 656.321,
    "EN": 0.2968801787545066,
    "F": 0.0013390109839518526,
    "FN": 0.04218252992567274,
    "Q1": 0.9653904947498573,
    "Q2": 0.9091600698405956,
    "Q3": 1.0240748532957142,
    "SLOPE": 68.49015382655053,
    "SN": 0.10454114196291021
}