{
    "GAUGE_LENGTH": 25.0,
    "GAUGE_DIAMETER": 4.0,
    "CONN_DIAMETER": 5.0,
    "SPECIMEN_LENGTH": 72.0,
    "ROUND_RADIUS": 3.0,
    "THREADED_LENGTH": 15,
    "MAX_DISPLACEMENT": 2.60702,
    "YIELD_STRESS": 393.67,
    "MODULUS": 222376.55,
    "UTS_STRAIN": 0.09731888640142439,
    "UTS_STRESS": 656.321,
    "EN": 0.3709686394533591,
    "F": 0.0014133330015027859,
    "FN": 0.07120325420910179,
    "Q1": 0.93920585595187,
    "Q2": 1.0750291684071938,
    "Q3": 0.8270656348916829,
    "SLOPE": 68.86521882998265,
    "SN": 0.14387101931980378
}