{
    "GAUGE_LENGTH": 25.0,
    "GAUGE_DIAMETER": 4.0,
    "CONN_DIAMETER": 5.0,
    "SPECIMEN_LENGTH": 72.0,
    "ROUND_RADIUS": 3.0,
    "THREADED_LENGTH": 15,
    "MAX_DISPLACEMENT": 2.60702,
    "YIELD_STRESS": 393.67,
    "MODULUS": 222376.55,
    "UTS_STRAIN": 0.09731888640142439,
    "UTS_STRESS": 656.321,
    "EN": 0.29280078122853737,
    "F": 0.001436001291237208,
    "FN": 0.08814110778341758,
    "Q1": 0.9402180071779229,
    "Q2": 0.9457168185906825,
    "Q3": 0.8743040359342675,
    "SLOPE": 68.29009104982894,
    "SN": 0.15189941811629323
}