{
    "GAUGE_LENGTH": 25.0,
    "GAUGE_DIAMETER": 4.0,
    "CONN_DIAMETER": 5.0,
    "SPECIMEN_LENGTH": 72.0,
    "ROUND_RADIUS": 3.0,
    "THREADED_LENGTH": 15,
    "MAX_DISPLACEMENT": 2.60702,
    "YIELD_STRESS": 393.67,
    "MODULUS": 222376.55,
    "UTS_STRAIN": 0.09731888640142439,
    "UTS_STRESS": 656.321,
    "EN": 0.2868114274457219,
    "F": 0.001447550010389398,
    "FN": 0.039267128084073843,
    "Q1": 0.9093338727479979,
    "Q2": 0.9163492622104562,
    "Q3": 1.0813091827190306,
    "SLOPE": 68.48572738847439,
    "SN": 0.15983256159398115
}