{
    "GAUGE_LENGTH": 25.0,
    "GAUGE_DIAMETER": 4.0,
    "CONN_DIAMETER": 5.0,
    "SPECIMEN_LENGTH": 72.0,
    "ROUND_RADIUS": 3.0,
    "THREADED_LENGTH": 15,
    "MAX_DISPLACEMENT": 2.60702,
    "YIELD_STRESS": 393.67,
    "MODULUS": 222376.55,
    "UTS_STRAIN": 0.09731888640142439,
    "UTS_STRESS": 656.321,
    "EN": 0.30849124728463306,
    "F": 0.001400918916798252,
    "FN": 0.07962106941408591,
    "Q1": 0.9356093357511418,
    "Q2": 0.9622722182649237,
    "Q3": 0.852177239169574,
    "SLOPE": 0.07562141362208943,
    "SN": 0.18862408162665353
}