{
    "GAUGE_LENGTH": 25.0,
    "GAUGE_DIAMETER": 4.0,
    "CONN_DIAMETER": 5.0,
    "SPECIMEN_LENGTH": 72.0,
    "ROUND_RADIUS": 3.0,
    "THREADED_LENGTH": 15,
    "MAX_DISPLACEMENT": 2.60702,
    "YIELD_STRESS": 393.67,
    "MODULUS": 222376.55,
    "UTS_STRAIN": 0.09731888640142439,
    "UTS_STRESS": 656.321,
    "EN": 0.2788284994444967,
    "F": 0.0013709583204518996,
    "FN": 0.06951705832733915,
    "Q1": 0.9789592631404795,
    "Q2": 1.042201815719592,
    "Q3": 0.861314297562848,
    "SLOPE": 69.08028927565826,
    "SN": 0.1175517286797522
}