{
    "GAUGE_LENGTH": 25.0,
    "GAUGE_DIAMETER": 4.0,
    "CONN_DIAMETER": 5.0,
    "SPECIMEN_LENGTH": 72.0,
    "ROUND_RADIUS": 3.0,
    "THREADED_LENGTH": 15,
    "MAX_DISPLACEMENT": 2.60702,
    "YIELD_STRESS": 393.67,
    "MODULUS": 222376.55,
    "UTS_STRAIN": 0.09731888640142439,
    "UTS_STRESS": 656.321,
    "EN": 0.32180009039275626,
    "F": 0.0013072605495994087,
    "FN": 0.08461212500581837,
    "Q1": 0.9771671277920003,
    "Q2": 0.9389940348820458,
    "Q3": 0.9004677276338434,
    "SLOPE": 68.74732143938218,
    "SN": 0.1266718687458374
}