{
    "GAUGE_LENGTH": 25.0,
    "GAUGE_DIAMETER": 4.0,
    "CONN_DIAMETER": 5.0,
    "SPECIMEN_LENGTH": 72.0,
    "ROUND_RADIUS": 3.0,
    "THREADED_LENGTH": 15,
    "MAX_DISPLACEMENT": 2.60702,
    "YIELD_STRESS": 393.67,
    "MODULUS": 222376.55,
    "UTS_STRAIN": 0.09731888640142439,
    "UTS_STRESS": 656.321,
    "EN": 0.35657438540425457,
    "F": 0.0014399426320781414,
    "FN": 0.0567832071747193,
    "Q1": 0.9466696604770561,
    "Q2": 1.0702870515025358,
    "Q3": 0.9046831294608744,
    "SLOPE": 68.79771538368016,
    "SN": 0.1682674765190276
}