{
    "GAUGE_LENGTH": 25.0,
    "GAUGE_DIAMETER": 4.0,
    "CONN_DIAMETER": 5.0,
    "SPECIMEN_LENGTH": 72.0,
    "ROUND_RADIUS": 3.0,
    "THREADED_LENGTH": 15,
    "MAX_DISPLACEMENT": 2.60702,
    "YIELD_STRESS": 393.67,
    "MODULUS": 222376.55,
    "UTS_STRAIN": 0.09731888640142439,
    "UTS_STRESS": 656.321,
    "EN": 0.3369292809094234,
    "F": 0.0013755910531386382,
    "FN": 0.037965056441168946,
    "Q1": 1.1350989678393701,
    "Q2": 0.9334147560902752,
    "Q3": 0.8438101495623024,
    "SLOPE": 1.3205849608490658,
    "SN": 0.13749004680016164
}