{
    "GAUGE_LENGTH": 25.0,
    "GAUGE_DIAMETER": 4.0,
    "CONN_DIAMETER": 5.0,
    "SPECIMEN_LENGTH": 72.0,
    "ROUND_RADIUS": 3.0,
    "THREADED_LENGTH": 15,
    "MAX_DISPLACEMENT": 2.60702,
    "YIELD_STRESS": 393.67,
    "MODULUS": 222376.55,
    "UTS_STRAIN": 0.09731888640142439,
    "UTS_STRESS": 656.321,
    "EN": 0.25517781135383477,
    "F": 0.0014762390236614797,
    "FN": 0.03341830646531016,
    "Q1": 0.9948814949194803,
    "Q2": 1.0230531281702941,
    "Q3": 0.8493249308693763,
    "SLOPE": 68.4837614531709,
    "SN": 0.1506611809186784
}