{
    "GAUGE_LENGTH": 25.0,
    "GAUGE_DIAMETER": 4.0,
    "CONN_DIAMETER": 5.0,
    "SPECIMEN_LENGTH": 72.0,
    "ROUND_RADIUS": 3.0,
    "THREADED_LENGTH": 15,
    "MAX_DISPLACEMENT": 2.60702,
    "YIELD_STRESS": 393.67,
    "MODULUS": 222376.55,
    "UTS_STRAIN": 0.09731888640142439,
    "UTS_STRESS": 656.321,
    "EN": 0.3603671567784596,
    "F": 0.0014853497384450481,
    "FN": 0.04424972837480528,
    "Q1": 1.5855654032315907,
    "Q2": 1.0659305145153737,
    "Q3": 2.374020361923331,
    "SLOPE": 0.4387306315112192,
    "SN": 0.19620091202396603
}