{
    "GAUGE_LENGTH": 25.0,
    "GAUGE_DIAMETER": 4.0,
    "CONN_DIAMETER": 5.0,
    "SPECIMEN_LENGTH": 72.0,
    "ROUND_RADIUS": 3.0,
    "THREADED_LENGTH": 15,
    "MAX_DISPLACEMENT": 2.60702,
    "YIELD_STRESS": 393.67,
    "MODULUS": 222376.55,
    "UTS_STRAIN": 0.09731888640142439,
    "UTS_STRESS": 656.321,
    "EN": 0.29635629278076836,
    "F": 0.001342022605515559,
    "FN": 0.033569195785771076,
    "Q1": 1.1028094540002586,
    "Q2": 0.9446266173760388,
    "Q3": 0.9325199410995189,
    "SLOPE": 68.38451391886409,
    "SN": 0.13186404922318432
}