{
    "GAUGE_LENGTH": 25.0,
    "GAUGE_DIAMETER": 4.0,
    "CONN_DIAMETER": 5.0,
    "SPECIMEN_LENGTH": 72.0,
    "ROUND_RADIUS": 3.0,
    "THREADED_LENGTH": 15,
    "MAX_DISPLACEMENT": 2.60702,
    "YIELD_STRESS": 393.67,
    "MODULUS": 222376.55,
    "UTS_STRAIN": 0.09731888640142439,
    "UTS_STRESS": 656.321,
    "EN": 0.26015402484759725,
    "F": 0.0014724810861086956,
    "FN": 0.06552851246521471,
    "Q1": 0.9472452450615058,
    "Q2": 0.9752769147914195,
    "Q3": 0.9080110519295457,
    "SLOPE": 68.72702889967968,
    "SN": 0.16040065371569046
}