{
    "GAUGE_LENGTH": 25.0,
    "GAUGE_DIAMETER": 4.0,
    "CONN_DIAMETER": 5.0,
    "SPECIMEN_LENGTH": 72.0,
    "ROUND_RADIUS": 3.0,
    "THREADED_LENGTH": 15,
    "MAX_DISPLACEMENT": 2.60702,
    "YIELD_STRESS": 393.67,
    "MODULUS": 222376.55,
    "UTS_STRAIN": 0.09731888640142439,
    "UTS_STRESS": 656.321,
    "EN": 0.3078910333051885,
    "F": 0.0014046290951783527,
    "FN": 0.03958781953319786,
    "Q1": 0.9789590846041825,
    "Q2": 0.9625870878930458,
    "Q3": 0.9076463566221508,
    "SLOPE": 68.44019357414368,
    "SN": 0.13838551781790492
}