{
    "GAUGE_LENGTH": 25.0,
    "GAUGE_DIAMETER": 4.0,
    "CONN_DIAMETER": 5.0,
    "SPECIMEN_LENGTH": 72.0,
    "ROUND_RADIUS": 3.0,
    "THREADED_LENGTH": 15,
    "MAX_DISPLACEMENT": 2.60702,
    "YIELD_STRESS": 393.67,
    "MODULUS": 222376.55,
    "UTS_STRAIN": 0.09731888640142439,
    "UTS_STRESS": 656.321,
    "EN": 0.3175539955636265,
    "F": 0.0014631957766479218,
    "FN": 0.059522718782747217,
    "Q1": 0.941787200653357,
    "Q2": 0.9418294616863837,
    "Q3": 0.8568852260903109,
    "SLOPE": 67.73865249086857,
    "SN": 0.12149086994464368
}