{
    "GAUGE_LENGTH": 25.0,
    "GAUGE_DIAMETER": 4.0,
    "CONN_DIAMETER": 5.0,
    "SPECIMEN_LENGTH": 72.0,
    "ROUND_RADIUS": 3.0,
    "THREADED_LENGTH": 15,
    "MAX_DISPLACEMENT": 2.60702,
    "YIELD_STRESS": 393.67,
    "MODULUS": 222376.55,
    "UTS_STRAIN": 0.09731888640142439,
    "UTS_STRESS": 656.321,
    "EN": 0.3144707288872853,
    "F": 0.0013822332982575175,
    "FN": 0.06134405979900214,
    "Q1": 0.933985327856353,
    "Q2": 0.920031339476579,
    "Q3": 0.9399925034333165,
    "SLOPE": 69.78878402208883,
    "SN": 0.13768815835717763
}