{
    "GAUGE_LENGTH": 25.0,
    "GAUGE_DIAMETER": 4.0,
    "CONN_DIAMETER": 5.0,
    "SPECIMEN_LENGTH": 72.0,
    "ROUND_RADIUS": 3.0,
    "THREADED_LENGTH": 15,
    "MAX_DISPLACEMENT": 2.60702,
    "YIELD_STRESS": 393.67,
    "MODULUS": 222376.55,
    "UTS_STRAIN": 0.09731888640142439,
    "UTS_STRESS": 656.321,
    "EN": 0.38931167779333375,
    "F": 0.0013503229759926655,
    "FN": 0.0673480039251286,
    "Q1": 0.9297038995416399,
    "Q2": 0.9581921275861138,
    "Q3": 1.0171817057794033,
    "SLOPE": 69.040494254665,
    "SN": 0.16829015452888507
}