{
    "GAUGE_LENGTH": 25.0,
    "GAUGE_DIAMETER": 4.0,
    "CONN_DIAMETER": 5.0,
    "SPECIMEN_LENGTH": 72.0,
    "ROUND_RADIUS": 3.0,
    "THREADED_LENGTH": 15,
    "MAX_DISPLACEMENT": 2.60702,
    "YIELD_STRESS": 393.67,
    "MODULUS": 222376.55,
    "UTS_STRAIN": 0.09731888640142439,
    "UTS_STRESS": 656.321,
    "EN": 0.27717459655272164,
    "F": 0.001458559911398543,
    "FN": 0.05217913723232307,
    "Q1": 0.9708868248227602,
    "Q2": 0.9823417560379062,
    "Q3": 0.8101268261483497,
    "SLOPE": 68.65739724119331,
    "SN": 0.12036944213801468
}