{
    "GAUGE_LENGTH": 25.0,
    "GAUGE_DIAMETER": 4.0,
    "CONN_DIAMETER": 5.0,
    "SPECIMEN_LENGTH": 72.0,
    "ROUND_RADIUS": 3.0,
    "THREADED_LENGTH": 15,
    "MAX_DISPLACEMENT": 2.60702,
    "YIELD_STRESS": 393.67,
    "MODULUS": 222376.55,
    "UTS_STRAIN": 0.09731888640142439,
    "UTS_STRESS": 656.321,
    "EN": 0.3811214084123429,
    "F": 0.001353617964432419,
    "FN": 0.08015318635589702,
    "Q1": 0.9608178168704915,
    "Q2": 0.9726387753139886,
    "Q3": 0.8434039446949753,
    "SLOPE": 68.43693634376356,
    "SN": 0.18158191928624284
}