{
    "GAUGE_LENGTH": 25.0,
    "GAUGE_DIAMETER": 4.0,
    "CONN_DIAMETER": 5.0,
    "SPECIMEN_LENGTH": 72.0,
    "ROUND_RADIUS": 3.0,
    "THREADED_LENGTH": 15,
    "MAX_DISPLACEMENT": 2.60702,
    "YIELD_STRESS": 393.67,
    "MODULUS": 222376.55,
    "UTS_STRAIN": 0.09731888640142439,
    "UTS_STRESS": 656.321,
    "EN": 0.30483833456491616,
    "F": 0.0013989210197962367,
    "FN": 0.0342477783432928,
    "Q1": 0.9393562610804536,
    "Q2": 0.9233067569993209,
    "Q3": 0.8190276748493538,
    "SLOPE": 68.60915646477238,
    "SN": 0.14230887443717785
}