{
    "GAUGE_LENGTH": 25.0,
    "GAUGE_DIAMETER": 4.0,
    "CONN_DIAMETER": 5.0,
    "SPECIMEN_LENGTH": 72.0,
    "ROUND_RADIUS": 3.0,
    "THREADED_LENGTH": 15,
    "MAX_DISPLACEMENT": 2.60702,
    "YIELD_STRESS": 393.67,
    "MODULUS": 222376.55,
    "UTS_STRAIN": 0.09731888640142439,
    "UTS_STRESS": 656.321,
    "EN": 0.2971735649951976,
    "F": 0.0014626888570662521,
    "FN": 0.04465158901606211,
    "Q1": 0.9549786575040448,
    "Q2": 1.0577826594956354,
    "Q3": 0.8898796608854154,
    "SLOPE": 68.82134250335362,
    "SN": 0.12703037395445396
}