{
    "GAUGE_LENGTH": 25.0,
    "GAUGE_DIAMETER": 4.0,
    "CONN_DIAMETER": 5.0,
    "SPECIMEN_LENGTH": 72.0,
    "ROUND_RADIUS": 3.0,
    "THREADED_LENGTH": 15,
    "MAX_DISPLACEMENT": 2.60702,
    "YIELD_STRESS": 393.67,
    "MODULUS": 222376.55,
    "UTS_STRAIN": 0.09731888640142439,
    "UTS_STRESS": 656.321,
    "EN": 0.33885848833679144,
    "F": 0.0013089760439477498,
    "FN": 0.04933827734802361,
    "Q1": 0.9133052299960658,
    "Q2": 0.9262298046302819,
    "Q3": 0.9396746147964562,
    "SLOPE": 68.54346703160046,
    "SN": 0.18486352285855953
}