{
    "GAUGE_LENGTH": 25.0,
    "GAUGE_DIAMETER": 4.0,
    "CONN_DIAMETER": 5.0,
    "SPECIMEN_LENGTH": 72.0,
    "ROUND_RADIUS": 3.0,
    "THREADED_LENGTH": 15,
    "MAX_DISPLACEMENT": 2.60702,
    "YIELD_STRESS": 393.67,
    "MODULUS": 222376.55,
    "UTS_STRAIN": 0.09731888640142439,
    "UTS_STRESS": 656.321,
    "EN": 0.3969445513212365,
    "F": 0.0013939864921153169,
    "FN": 0.06655269010859324,
    "Q1": 0.9238942934622133,
    "Q2": 0.9355793920922808,
    "Q3": 0.9454175306065885,
    "SLOPE": 68.34010162718825,
    "SN": 0.1636202489803555
}