{
    "GAUGE_LENGTH": 25.0,
    "GAUGE_DIAMETER": 4.0,
    "CONN_DIAMETER": 5.0,
    "SPECIMEN_LENGTH": 72.0,
    "ROUND_RADIUS": 3.0,
    "THREADED_LENGTH": 15,
    "MAX_DISPLACEMENT": 2.60702,
    "YIELD_STRESS": 393.67,
    "MODULUS": 222376.55,
    "UTS_STRAIN": 0.09731888640142439,
    "UTS_STRESS": 656.321,
    "EN": 0.2699964648819914,
    "F": 0.0013317738103665194,
    "FN": 0.08597461036646395,
    "Q1": 0.9578440263149035,
    "Q2": 1.0041184697156174,
    "Q3": 0.9031952463614891,
    "SLOPE": 68.88291988774192,
    "SN": 0.12570361782982553
}