{
    "GAUGE_LENGTH": 25.0,
    "GAUGE_DIAMETER": 4.0,
    "CONN_DIAMETER": 5.0,
    "SPECIMEN_LENGTH": 72.0,
    "ROUND_RADIUS": 3.0,
    "THREADED_LENGTH": 15,
    "MAX_DISPLACEMENT": 2.60702,
    "YIELD_STRESS": 393.67,
    "MODULUS": 222376.55,
    "UTS_STRAIN": 0.09731888640142439,
    "UTS_STRESS": 656.321,
    "EN": 0.2973635694967185,
    "F": 0.0014181354774827717,
    "FN": 0.06076007815937469,
    "Q1": 0.9383513280930272,
    "Q2": 0.9297141904753907,
    "Q3": 0.9493766162686275,
    "SLOPE": 68.54900859505607,
    "SN": 0.13259050165910463
}