{
    "GAUGE_LENGTH": 25.0,
    "GAUGE_DIAMETER": 4.0,
    "CONN_DIAMETER": 5.0,
    "SPECIMEN_LENGTH": 72.0,
    "ROUND_RADIUS": 3.0,
    "THREADED_LENGTH": 15,
    "MAX_DISPLACEMENT": 2.60702,
    "YIELD_STRESS": 393.67,
    "MODULUS": 222376.55,
    "UTS_STRAIN": 0.09731888640142439,
    "UTS_STRESS": 656.321,
    "EN": 0.33803281541479224,
    "F": 0.0013773033806980136,
    "FN": 0.05272543915363209,
    "Q1": 0.9025383475605621,
    "Q2": 0.9114711859217368,
    "Q3": 0.8526146104506032,
    "SLOPE": 67.86132986554126,
    "SN": 0.18433021389532317
}