{
    "GAUGE_LENGTH": 25.0,
    "GAUGE_DIAMETER": 4.0,
    "CONN_DIAMETER": 5.0,
    "SPECIMEN_LENGTH": 72.0,
    "ROUND_RADIUS": 3.0,
    "THREADED_LENGTH": 15,
    "MAX_DISPLACEMENT": 2.60702,
    "YIELD_STRESS": 393.67,
    "MODULUS": 222376.55,
    "UTS_STRAIN": 0.09731888640142439,
    "UTS_STRESS": 656.321,
    "EN": 0.3325621655173071,
    "F": 0.0014650540668935783,
    "FN": 0.03996543092482356,
    "Q1": 0.9290238494747811,
    "Q2": 1.0515769576201794,
    "Q3": 0.984532092157016,
    "SLOPE": 69.78420130339875,
    "SN": 0.10581608440697333
}