{
    "GAUGE_LENGTH": 25.0,
    "GAUGE_DIAMETER": 4.0,
    "CONN_DIAMETER": 5.0,
    "SPECIMEN_LENGTH": 72.0,
    "ROUND_RADIUS": 3.0,
    "THREADED_LENGTH": 15,
    "MAX_DISPLACEMENT": 2.60702,
    "YIELD_STRESS": 393.67,
    "MODULUS": 222376.55,
    "UTS_STRAIN": 0.09731888640142439,
    "UTS_STRESS": 656.321,
    "EN": 0.2597032955121539,
    "F": 0.0014418605739103167,
    "FN": 0.03738861595915618,
    "Q1": 1.0764205558790931,
    "Q2": 0.9624034393813901,
    "Q3": 0.84628397367326,
    "SLOPE": 68.37986960498225,
    "SN": 0.12540608985827584
}