{
    "GAUGE_LENGTH": 25.0,
    "GAUGE_DIAMETER": 4.0,
    "CONN_DIAMETER": 5.0,
    "SPECIMEN_LENGTH": 72.0,
    "ROUND_RADIUS": 3.0,
    "THREADED_LENGTH": 15,
    "MAX_DISPLACEMENT": 2.60702,
    "YIELD_STRESS": 393.67,
    "MODULUS": 222376.55,
    "UTS_STRAIN": 0.09731888640142439,
    "UTS_STRESS": 656.321,
    "EN": 0.3198019727531704,
    "F": 0.0014431012233664898,
    "FN": 0.08139752653289059,
    "Q1": 1.4857035190024352,
    "Q2": 0.9935301568163742,
    "Q3": 2.453668230785142,
    "SLOPE": 0.014803184151838587,
    "SN": 0.15354547646228286
}