{
    "GAUGE_LENGTH": 25.0,
    "GAUGE_DIAMETER": 4.0,
    "CONN_DIAMETER": 5.0,
    "SPECIMEN_LENGTH": 72.0,
    "ROUND_RADIUS": 3.0,
    "THREADED_LENGTH": 15,
    "MAX_DISPLACEMENT": 2.60702,
    "YIELD_STRESS": 393.67,
    "MODULUS": 222376.55,
    "UTS_STRAIN": 0.09731888640142439,
    "UTS_STRESS": 656.321,
    "EN": 0.3455826782826188,
    "F": 0.0013291100965468598,
    "FN": 0.07672797662487532,
    "Q1": 1.1780025243748544,
    "Q2": 0.922713516092343,
    "Q3": 0.8811567294047512,
    "SLOPE": 67.91478263880764,
    "SN": 0.1749108826714188
}