{
    "GAUGE_LENGTH": 25.0,
    "GAUGE_DIAMETER": 4.0,
    "CONN_DIAMETER": 5.0,
    "SPECIMEN_LENGTH": 72.0,
    "ROUND_RADIUS": 3.0,
    "THREADED_LENGTH": 15,
    "MAX_DISPLACEMENT": 2.60702,
    "YIELD_STRESS": 393.67,
    "MODULUS": 222376.55,
    "UTS_STRAIN": 0.09731888640142439,
    "UTS_STRESS": 656.321,
    "EN": 0.2576664288944699,
    "F": 0.0013903748425068785,
    "FN": 0.042711852836926224,
    "Q1": 1.3498557887359557,
    "Q2": 0.9950726668195653,
    "Q3": 2.415992763527375,
    "SLOPE": 0.05557630579318998,
    "SN": 0.10928711186744126
}