{
    "GAUGE_LENGTH": 25.0,
    "GAUGE_DIAMETER": 4.0,
    "CONN_DIAMETER": 5.0,
    "SPECIMEN_LENGTH": 72.0,
    "ROUND_RADIUS": 3.0,
    "THREADED_LENGTH": 15,
    "MAX_DISPLACEMENT": 2.60702,
    "YIELD_STRESS": 393.67,
    "MODULUS": 222376.55,
    "UTS_STRAIN": 0.09731888640142439,
    "UTS_STRESS": 656.321,
    "EN": 0.3434292833015362,
    "F": 0.0014990272047413237,
    "FN": 0.08657063336803912,
    "Q1": 1.0558737457229448,
    "Q2": 0.9645246804903408,
    "Q3": 0.9937554687278131,
    "SLOPE": 67.9827230119992,
    "SN": 0.1298226986527665
}