{
    "GAUGE_LENGTH": 25.0,
    "GAUGE_DIAMETER": 4.0,
    "CONN_DIAMETER": 5.0,
    "SPECIMEN_LENGTH": 72.0,
    "ROUND_RADIUS": 3.0,
    "THREADED_LENGTH": 15,
    "MAX_DISPLACEMENT": 2.60702,
    "YIELD_STRESS": 393.67,
    "MODULUS": 222376.55,
    "UTS_STRAIN": 0.09731888640142439,
    "UTS_STRESS": 656.321,
    "EN": 0.2619763716259895,
    "F": 0.0014312595514493702,
    "FN": 0.07513257831924644,
    "Q1": 0.9631010129254437,
    "Q2": 0.9617114422387133,
    "Q3": 1.0837317488556828,
    "SLOPE": 68.88975262211659,
    "SN": 0.16784984048884916
}