{
    "GAUGE_LENGTH": 25.0,
    "GAUGE_DIAMETER": 4.0,
    "CONN_DIAMETER": 5.0,
    "SPECIMEN_LENGTH": 72.0,
    "ROUND_RADIUS": 3.0,
    "THREADED_LENGTH": 15,
    "MAX_DISPLACEMENT": 2.60702,
    "YIELD_STRESS": 393.67,
    "MODULUS": 222376.55,
    "UTS_STRAIN": 0.09731888640142439,
    "UTS_STRESS": 656.321,
    "EN": 0.317913113553575,
    "F": 0.0014921529430640065,
    "FN": 0.08651244825384705,
    "Q1": 0.9207670893427929,
    "Q2": 1.0316593373152245,
    "Q3": 0.8593248167640857,
    "SLOPE": 69.02675805077041,
    "SN": 0.1843410907856586
}