{
    "GAUGE_LENGTH": 25.0,
    "GAUGE_DIAMETER": 4.0,
    "CONN_DIAMETER": 5.0,
    "SPECIMEN_LENGTH": 72.0,
    "ROUND_RADIUS": 3.0,
    "THREADED_LENGTH": 15,
    "MAX_DISPLACEMENT": 2.60702,
    "YIELD_STRESS": 393.67,
    "MODULUS": 222376.55,
    "UTS_STRAIN": 0.09731888640142439,
    "UTS_STRESS": 656.321,
    "EN": 0.3232471058336467,
    "F": 0.0013308632500644026,
    "FN": 0.05434088931790376,
    "Q1": 1.0145868941213911,
    "Q2": 0.954423386991093,
    "Q3": 0.8648792316030387,
    "SLOPE": 71.28054247341245,
    "SN": 0.17111221872890642
}