{
    "GAUGE_LENGTH": 25.0,
    "GAUGE_DIAMETER": 4.0,
    "CONN_DIAMETER": 5.0,
    "SPECIMEN_LENGTH": 72.0,
    "ROUND_RADIUS": 3.0,
    "THREADED_LENGTH": 15,
    "MAX_DISPLACEMENT": 2.60702,
    "YIELD_STRESS": 393.67,
    "MODULUS": 222376.55,
    "UTS_STRAIN": 0.09731888640142439,
    "UTS_STRESS": 656.321,
    "EN": 0.3156569817974991,
    "F": 0.0013212604372719533,
    "FN": 0.030605570794088568,
    "Q1": 0.9054148321920972,
    "Q2": 0.9253740168530261,
    "Q3": 0.9787272921849659,
    "SLOPE": 67.7662025921515,
    "SN": 0.10170115994022083
}