{
    "GAUGE_LENGTH": 25.0,
    "GAUGE_DIAMETER": 4.0,
    "CONN_DIAMETER": 5.0,
    "SPECIMEN_LENGTH": 72.0,
    "ROUND_RADIUS": 3.0,
    "THREADED_LENGTH": 15,
    "MAX_DISPLACEMENT": 2.60702,
    "YIELD_STRESS": 393.67,
    "MODULUS": 222376.55,
    "UTS_STRAIN": 0.09731888640142439,
    "UTS_STRESS": 656.321,
    "EN": 0.3812630676147837,
    "F": 0.001418309774358568,
    "FN": 0.061748340642427124,
    "Q1": 1.025234694959836,
    "Q2": 0.9873603525618511,
    "Q3": 0.9189757830947369,
    "SLOPE": 68.81082894877422,
    "SN": 0.10962564720544218
}