{
    "GAUGE_LENGTH": 25.0,
    "GAUGE_DIAMETER": 4.0,
    "CONN_DIAMETER": 5.0,
    "SPECIMEN_LENGTH": 72.0,
    "ROUND_RADIUS": 3.0,
    "THREADED_LENGTH": 15,
    "MAX_DISPLACEMENT": 2.60702,
    "YIELD_STRESS": 393.67,
    "MODULUS": 222376.55,
    "UTS_STRAIN": 0.09731888640142439,
    "UTS_STRESS": 656.321,
    "EN": 0.3236900366359387,
    "F": 0.001493751754366704,
    "FN": 0.07737235830357757,
    "Q1": 1.0664250477071953,
    "Q2": 1.051900258876387,
    "Q3": 0.8142500875666413,
    "SLOPE": 68.42027436557613,
    "SN": 0.10658875375905517
}