{
    "GAUGE_LENGTH": 25.0,
    "GAUGE_DIAMETER": 4.0,
    "CONN_DIAMETER": 5.0,
    "SPECIMEN_LENGTH": 72.0,
    "ROUND_RADIUS": 3.0,
    "THREADED_LENGTH": 15,
    "MAX_DISPLACEMENT": 2.60702,
    "YIELD_STRESS": 393.67,
    "MODULUS": 222376.55,
    "UTS_STRAIN": 0.09731888640142439,
    "UTS_STRESS": 656.321,
    "EN": 0.393540953789952,
    "F": 0.0014102295719486896,
    "FN": 0.07604043229659621,
    "Q1": 0.9129150788527213,
    "Q2": 0.9667929561172165,
    "Q3": 0.8266406841798569,
    "SLOPE": 68.3289619544104,
    "SN": 0.18272752114614646
}