{
    "GAUGE_LENGTH": 25.0,
    "GAUGE_DIAMETER": 4.0,
    "CONN_DIAMETER": 5.0,
    "SPECIMEN_LENGTH": 72.0,
    "ROUND_RADIUS": 3.0,
    "THREADED_LENGTH": 15,
    "MAX_DISPLACEMENT": 2.60702,
    "YIELD_STRESS": 393.67,
    "MODULUS": 222376.55,
    "UTS_STRAIN": 0.09731888640142439,
    "UTS_STRESS": 656.321,
    "EN": 0.32586685100208806,
    "F": 0.0013790388612922556,
    "FN": 0.0825143974398758,
    "Q1": 0.9314825887663416,
    "Q2": 0.9852037933293213,
    "Q3": 0.8389415460101494,
    "SLOPE": 68.43102880040853,
    "SN": 0.17856724144268105
}