{
    "GAUGE_LENGTH": 25.0,
    "GAUGE_DIAMETER": 4.0,
    "CONN_DIAMETER": 5.0,
    "SPECIMEN_LENGTH": 72.0,
    "ROUND_RADIUS": 3.0,
    "THREADED_LENGTH": 15,
    "MAX_DISPLACEMENT": 2.60702,
    "YIELD_STRESS": 393.67,
    "MODULUS": 222376.55,
    "UTS_STRAIN": 0.09731888640142439,
    "UTS_STRESS": 656.321,
    "EN": 0.37941007512249547,
    "F": 0.001461388085712063,
    "FN": 0.06628873401603577,
    "Q1": 0.9225374644437221,
    "Q2": 0.9752557723020192,
    "Q3": 0.9455901114955836,
    "SLOPE": 68.94285133187478,
    "SN": 0.19872876563626365
}