{
    "GAUGE_LENGTH": 25.0,
    "GAUGE_DIAMETER": 4.0,
    "CONN_DIAMETER": 5.0,
    "SPECIMEN_LENGTH": 72.0,
    "ROUND_RADIUS": 3.0,
    "THREADED_LENGTH": 15,
    "MAX_DISPLACEMENT": 2.60702,
    "YIELD_STRESS": 393.67,
    "MODULUS": 222376.55,
    "UTS_STRAIN": 0.09731888640142439,
    "UTS_STRESS": 656.321,
    "EN": 0.3447597615259387,
    "F": 0.0014834750323282425,
    "FN": 0.07737361163787303,
    "Q1": 0.940428404081969,
    "Q2": 1.0649474061922404,
    "Q3": 0.8526406598217187,
    "SLOPE": 68.7849558914436,
    "SN": 0.133226161071745
}