{
    "GAUGE_LENGTH": 25.0,
    "GAUGE_DIAMETER": 4.0,
    "CONN_DIAMETER": 5.0,
    "SPECIMEN_LENGTH": 72.0,
    "ROUND_RADIUS": 3.0,
    "THREADED_LENGTH": 15,
    "MAX_DISPLACEMENT": 2.60702,
    "YIELD_STRESS": 393.67,
    "MODULUS": 222376.55,
    "UTS_STRAIN": 0.09731888640142439,
    "UTS_STRESS": 656.321,
    "EN": 0.2904267942621472,
    "F": 0.001349459145650217,
    "FN": 0.08356671190566553,
    "Q1": 0.9556122534041565,
    "Q2": 1.0236527069537076,
    "Q3": 0.84410003146985,
    "SLOPE": 67.74686888788713,
    "SN": 0.11268987733449798
}