{
    "GAUGE_LENGTH": 25.0,
    "GAUGE_DIAMETER": 4.0,
    "CONN_DIAMETER": 5.0,
    "SPECIMEN_LENGTH": 72.0,
    "ROUND_RADIUS": 3.0,
    "THREADED_LENGTH": 15,
    "MAX_DISPLACEMENT": 2.60702,
    "YIELD_STRESS": 393.67,
    "MODULUS": 222376.55,
    "UTS_STRAIN": 0.09731888640142439,
    "UTS_STRESS": 656.321,
    "EN": 0.2953936637363462,
    "F": 0.0013299451968105892,
    "FN": 0.04385604765249365,
    "Q1": 0.9074128455773629,
    "Q2": 1.087186982579369,
    "Q3": 1.089190417688174,
    "SLOPE": 67.95892335497275,
    "SN": 0.11077132397380235
}