{
    "GAUGE_LENGTH": 25.0,
    "GAUGE_DIAMETER": 4.0,
    "CONN_DIAMETER": 5.0,
    "SPECIMEN_LENGTH": 72.0,
    "ROUND_RADIUS": 3.0,
    "THREADED_LENGTH": 15,
    "MAX_DISPLACEMENT": 2.60702,
    "YIELD_STRESS": 393.67,
    "MODULUS": 222376.55,
    "UTS_STRAIN": 0.09731888640142439,
    "UTS_STRESS": 656.321,
    "EN": 0.3551622844876731,
    "F": 0.0014208269222958552,
    "FN": 0.05623291874657131,
    "Q1": 1.075013147328584,
    "Q2": 0.9617062337848749,
    "Q3": 0.8977705800820467,
    "SLOPE": 67.95963636022998,
    "SN": 0.17762541512499835
}