{
    "GAUGE_LENGTH": 25.0,
    "GAUGE_DIAMETER": 4.0,
    "CONN_DIAMETER": 5.0,
    "SPECIMEN_LENGTH": 72.0,
    "ROUND_RADIUS": 3.0,
    "THREADED_LENGTH": 15,
    "MAX_DISPLACEMENT": 2.60702,
    "YIELD_STRESS": 393.67,
    "MODULUS": 222376.55,
    "UTS_STRAIN": 0.09731888640142439,
    "UTS_STRESS": 656.321,
    "EN": 0.33955528584490435,
    "F": 0.001456112122439871,
    "FN": 0.04441019869092382,
    "Q1": 1.2423652567892731,
    "Q2": 0.933539886454337,
    "Q3": 2.122992717572518,
    "SLOPE": 0.14734685807312256,
    "SN": 0.10692861528666586
}