{
    "GAUGE_LENGTH": 25.0,
    "GAUGE_DIAMETER": 4.0,
    "CONN_DIAMETER": 5.0,
    "SPECIMEN_LENGTH": 72.0,
    "ROUND_RADIUS": 3.0,
    "THREADED_LENGTH": 15,
    "MAX_DISPLACEMENT": 2.60702,
    "YIELD_STRESS": 393.67,
    "MODULUS": 222376.55,
    "UTS_STRAIN": 0.09731888640142439,
    "UTS_STRESS": 656.321,
    "EN": 0.3395374653988324,
    "F": 0.0014381564367456072,
    "FN": 0.08695714091885096,
    "Q1": 0.9178305818517616,
    "Q2": 1.0103386237001903,
    "Q3": 0.8951865346859555,
    "SLOPE": 68.73006563796476,
    "SN": 0.1506429231053039
}