{
    "GAUGE_LENGTH": 25.0,
    "GAUGE_DIAMETER": 4.0,
    "CONN_DIAMETER": 5.0,
    "SPECIMEN_LENGTH": 72.0,
    "ROUND_RADIUS": 3.0,
    "THREADED_LENGTH": 15,
    "MAX_DISPLACEMENT": 2.60702,
    "YIELD_STRESS": 393.67,
    "MODULUS": 222376.55,
    "UTS_STRAIN": 0.09731888640142439,
    "UTS_STRESS": 656.321,
    "EN": 0.32294153833575995,
    "F": 0.001458548463358559,
    "FN": 0.08299676794466287,
    "Q1": 0.9365551141672444,
    "Q2": 0.9049836145516984,
    "Q3": 1.170885538164092,
    "SLOPE": 68.76395892320431,
    "SN": 0.16325259275349419
}