{
    "GAUGE_LENGTH": 25.0,
    "GAUGE_DIAMETER": 4.0,
    "CONN_DIAMETER": 5.0,
    "SPECIMEN_LENGTH": 72.0,
    "ROUND_RADIUS": 3.0,
    "THREADED_LENGTH": 15,
    "MAX_DISPLACEMENT": 2.60702,
    "YIELD_STRESS": 393.67,
    "MODULUS": 222376.55,
    "UTS_STRAIN": 0.09731888640142439,
    "UTS_STRESS": 656.321,
    "EN": 0.31471694831349717,
    "F": 0.0013779435098959473,
    "FN": 0.08594512066587734,
    "Q1": 0.9109082292298785,
    "Q2": 0.9818348194246389,
    "Q3": 0.8838715249387737,
    "SLOPE": 0.25723510830082996,
    "SN": 0.16757252672455575
}