{
    "GAUGE_LENGTH": 25.0,
    "GAUGE_DIAMETER": 4.0,
    "CONN_DIAMETER": 5.0,
    "SPECIMEN_LENGTH": 72.0,
    "ROUND_RADIUS": 3.0,
    "THREADED_LENGTH": 15,
    "MAX_DISPLACEMENT": 2.60702,
    "YIELD_STRESS": 393.67,
    "MODULUS": 222376.55,
    "UTS_STRAIN": 0.09731888640142439,
    "UTS_STRESS": 656.321,
    "EN": 0.28945269986453576,
    "F": 0.0013975026482462754,
    "FN": 0.06688906262452762,
    "Q1": 1.0058853297219732,
    "Q2": 0.9317320411235883,
    "Q3": 0.8573953378304549,
    "SLOPE": 68.4840688632731,
    "SN": 0.17298483390562558
}