{
    "GAUGE_LENGTH": 25.0,
    "GAUGE_DIAMETER": 4.0,
    "CONN_DIAMETER": 5.0,
    "SPECIMEN_LENGTH": 72.0,
    "ROUND_RADIUS": 3.0,
    "THREADED_LENGTH": 15,
    "MAX_DISPLACEMENT": 2.60702,
    "YIELD_STRESS": 393.67,
    "MODULUS": 222376.55,
    "UTS_STRAIN": 0.09731888640142439,
    "UTS_STRESS": 656.321,
    "EN": 0.3255658276672278,
    "F": 0.0014116245610715332,
    "FN": 0.044731716240443635,
    "Q1": 0.9517442046805481,
    "Q2": 0.9516759647242657,
    "Q3": 0.8458244519442867,
    "SLOPE": 62.13769986045963,
    "SN": 0.12739186383021645
}