{
    "GAUGE_LENGTH": 25.0,
    "GAUGE_DIAMETER": 4.0,
    "CONN_DIAMETER": 5.0,
    "SPECIMEN_LENGTH": 72.0,
    "ROUND_RADIUS": 3.0,
    "THREADED_LENGTH": 15,
    "MAX_DISPLACEMENT": 2.60702,
    "YIELD_STRESS": 393.67,
    "MODULUS": 222376.55,
    "UTS_STRAIN": 0.09731888640142439,
    "UTS_STRESS": 656.321,
    "EN": 0.36400097040413265,
    "F": 0.0013649082992991197,
    "FN": 0.08835378954321951,
    "Q1": 1.003430476573367,
    "Q2": 1.0155800471993819,
    "Q3": 0.9548685760077849,
    "SLOPE": 68.34516183639809,
    "SN": 0.10960391102387476
}