{
    "GAUGE_LENGTH": 25.0,
    "GAUGE_DIAMETER": 4.0,
    "CONN_DIAMETER": 5.0,
    "SPECIMEN_LENGTH": 72.0,
    "ROUND_RADIUS": 3.0,
    "THREADED_LENGTH": 15,
    "MAX_DISPLACEMENT": 2.60702,
    "YIELD_STRESS": 393.67,
    "MODULUS": 222376.55,
    "UTS_STRAIN": 0.09731888640142439,
    "UTS_STRESS": 656.321,
    "EN": 0.3889585648515558,
    "F": 0.0014065975441372562,
    "FN": 0.03834295293790507,
    "Q1": 1.3219256919477023,
    "Q2": 1.0010208969792815,
    "Q3": 2.386996512883914,
    "SLOPE": 0.09326075343337453,
    "SN": 0.18584164769638573
}