{
    "GAUGE_LENGTH": 25.0,
    "GAUGE_DIAMETER": 4.0,
    "CONN_DIAMETER": 5.0,
    "SPECIMEN_LENGTH": 72.0,
    "ROUND_RADIUS": 3.0,
    "THREADED_LENGTH": 15,
    "MAX_DISPLACEMENT": 2.60702,
    "YIELD_STRESS": 393.67,
    "MODULUS": 222376.55,
    "UTS_STRAIN": 0.09731888640142439,
    "UTS_STRESS": 656.321,
    "EN": 0.2891013262785299,
    "F": 0.0013916226707184603,
    "FN": 0.04914096502696613,
    "Q1": 0.9897194679093686,
    "Q2": 1.0191673026281693,
    "Q3": 0.9422931136426277,
    "SLOPE": 68.1272805442113,
    "SN": 0.12708012286125991
}