{
    "GAUGE_LENGTH": 25.0,
    "GAUGE_DIAMETER": 4.0,
    "CONN_DIAMETER": 5.0,
    "SPECIMEN_LENGTH": 72.0,
    "ROUND_RADIUS": 3.0,
    "THREADED_LENGTH": 15,
    "MAX_DISPLACEMENT": 2.60702,
    "YIELD_STRESS": 393.67,
    "MODULUS": 222376.55,
    "UTS_STRAIN": 0.09731888640142439,
    "UTS_STRESS": 656.321,
    "EN": 0.3324278846580436,
    "F": 0.001362878310845403,
    "FN": 0.03372476131739262,
    "Q1": 1.0914210794842725,
    "Q2": 1.0161424887545367,
    "Q3": 0.8245016044756024,
    "SLOPE": 68.62076132347137,
    "SN": 0.16296700336647613
}