{
    "GAUGE_LENGTH": 25.0,
    "GAUGE_DIAMETER": 4.0,
    "CONN_DIAMETER": 5.0,
    "SPECIMEN_LENGTH": 72.0,
    "ROUND_RADIUS": 3.0,
    "THREADED_LENGTH": 15,
    "MAX_DISPLACEMENT": 2.60702,
    "YIELD_STRESS": 393.67,
    "MODULUS": 222376.55,
    "UTS_STRAIN": 0.09731888640142439,
    "UTS_STRESS": 656.321,
    "EN": 0.27781598522980233,
    "F": 0.0013345754027782454,
    "FN": 0.05690221734101206,
    "Q1": 0.9377140953719632,
    "Q2": 1.0219029218746876,
    "Q3": 1.0279640876348768,
    "SLOPE": 64.9406801104451,
    "SN": 0.19023186841894776
}