{
    "GAUGE_LENGTH": 25.0,
    "GAUGE_DIAMETER": 4.0,
    "CONN_DIAMETER": 5.0,
    "SPECIMEN_LENGTH": 72.0,
    "ROUND_RADIUS": 3.0,
    "THREADED_LENGTH": 15,
    "MAX_DISPLACEMENT": 2.60702,
    "YIELD_STRESS": 393.67,
    "MODULUS": 222376.55,
    "UTS_STRAIN": 0.09731888640142439,
    "UTS_STRESS": 656.321,
    "EN": 0.30135077044922987,
    "F": 0.0014968498957268952,
    "FN": 0.06791548523530584,
    "Q1": 1.1399117101853176,
    "Q2": 0.9046993775971671,
    "Q3": 0.9887500771667711,
    "SLOPE": 64.77609508098764,
    "SN": 0.11653257728621091
}