{
    "GAUGE_LENGTH": 25.0,
    "GAUGE_DIAMETER": 4.0,
    "CONN_DIAMETER": 5.0,
    "SPECIMEN_LENGTH": 72.0,
    "ROUND_RADIUS": 3.0,
    "THREADED_LENGTH": 15,
    "MAX_DISPLACEMENT": 2.60702,
    "YIELD_STRESS": 393.67,
    "MODULUS": 222376.55,
    "UTS_STRAIN": 0.09731888640142439,
    "UTS_STRESS": 656.321,
    "EN": 0.25834682219794386,
    "F": 0.0013561552635517867,
    "FN": 0.07730050054517816,
    "Q1": 0.9720281111290758,
    "Q2": 0.9253926813348045,
    "Q3": 0.9847890158023855,
    "SLOPE": 65.28626987733668,
    "SN": 0.1778905749393795
}