{
    "GAUGE_LENGTH": 25.0,
    "GAUGE_DIAMETER": 4.0,
    "CONN_DIAMETER": 5.0,
    "SPECIMEN_LENGTH": 72.0,
    "ROUND_RADIUS": 3.0,
    "THREADED_LENGTH": 15,
    "MAX_DISPLACEMENT": 2.60702,
    "YIELD_STRESS": 393.67,
    "MODULUS": 222376.55,
    "UTS_STRAIN": 0.09731888640142439,
    "UTS_STRESS": 656.321,
    "EN": 0.3183670489921069,
    "F": 0.0014939711462580649,
    "FN": 0.03513953429855121,
    "Q1": 0.9145280325950689,
    "Q2": 0.9022916782459777,
    "Q3": 0.8149114594144571,
    "SLOPE": 65.83997139247195,
    "SN": 0.10722372417620803
}