{
    "GAUGE_LENGTH": 25.0,
    "GAUGE_DIAMETER": 4.0,
    "CONN_DIAMETER": 5.0,
    "SPECIMEN_LENGTH": 72.0,
    "ROUND_RADIUS": 3.0,
    "THREADED_LENGTH": 15,
    "MAX_DISPLACEMENT": 2.60702,
    "YIELD_STRESS": 393.67,
    "MODULUS": 222376.55,
    "UTS_STRAIN": 0.09731888640142439,
    "UTS_STRESS": 656.321,
    "EN": 0.35099609757691247,
    "F": 0.0014197648719196797,
    "FN": 0.06574337714764965,
    "Q1": 0.9626461910126366,
    "Q2": 1.0382029022201629,
    "Q3": 1.0841722876239357,
    "SLOPE": 64.62924321247992,
    "SN": 0.10246214445194335
}