{
    "GAUGE_LENGTH": 25.0,
    "GAUGE_DIAMETER": 4.0,
    "CONN_DIAMETER": 5.0,
    "SPECIMEN_LENGTH": 72.0,
    "ROUND_RADIUS": 3.0,
    "THREADED_LENGTH": 15,
    "MAX_DISPLACEMENT": 2.60702,
    "YIELD_STRESS": 393.67,
    "MODULUS": 222376.55,
    "UTS_STRAIN": 0.09731888640142439,
    "UTS_STRESS": 656.321,
    "EN": 0.33083071334239533,
    "F": 0.0013893180657868923,
    "FN": 0.06177823123145213,
    "Q1": 0.9952020573156383,
    "Q2": 1.0658834464530857,
    "Q3": 0.8462856224474685,
    "SLOPE": 61.86249109175093,
    "SN": 0.18518702062873355
}