{
    "GAUGE_LENGTH": 25.0,
    "GAUGE_DIAMETER": 4.0,
    "CONN_DIAMETER": 5.0,
    "SPECIMEN_LENGTH": 72.0,
    "ROUND_RADIUS": 3.0,
    "THREADED_LENGTH": 15,
    "MAX_DISPLACEMENT": 2.60702,
    "YIELD_STRESS": 393.67,
    "MODULUS": 222376.55,
    "UTS_STRAIN": 0.09731888640142439,
    "UTS_STRESS": 656.321,
    "EN": 0.29752235516698655,
    "F": 0.001333808857802524,
    "FN": 0.03558802476477535,
    "Q1": 1.047757765551854,
    "Q2": 1.069140687527387,
    "Q3": 0.9048651338692262,
    "SLOPE": 68.67859147211895,
    "SN": 0.18969795216671703
}