{
    "GAUGE_LENGTH": 25.0,
    "GAUGE_DIAMETER": 4.0,
    "CONN_DIAMETER": 5.0,
    "SPECIMEN_LENGTH": 72.0,
    "ROUND_RADIUS": 3.0,
    "THREADED_LENGTH": 15,
    "MAX_DISPLACEMENT": 2.60702,
    "YIELD_STRESS": 393.67,
    "MODULUS": 222376.55,
    "UTS_STRAIN": 0.09731888640142439,
    "UTS_STRESS": 656.321,
    "EN": 0.33920432526200656,
    "F": 0.0014674679394496304,
    "FN": 0.0490121543339542,
    "Q1": 1.157936820613899,
    "Q2": 0.9490271913012924,
    "Q3": 0.910460645417806,
    "SLOPE": 64.8956444912612,
    "SN": 0.10309135008394853
}