{
    "GAUGE_LENGTH": 25.0,
    "GAUGE_DIAMETER": 4.0,
    "CONN_DIAMETER": 5.0,
    "SPECIMEN_LENGTH": 72.0,
    "ROUND_RADIUS": 3.0,
    "THREADED_LENGTH": 15,
    "MAX_DISPLACEMENT": 2.60702,
    "YIELD_STRESS": 393.67,
    "MODULUS": 222376.55,
    "UTS_STRAIN": 0.09731888640142439,
    "UTS_STRESS": 656.321,
    "EN": 0.3109533728046628,
    "F": 0.0013360384836866347,
    "FN": 0.05265803817352543,
    "Q1": 0.9406096291983259,
    "Q2": 1.0089342562841161,
    "Q3": 0.8788471756310171,
    "SLOPE": 69.07802583134033,
    "SN": 0.11025649629973813
}