{
    "GAUGE_LENGTH": 25.0,
    "GAUGE_DIAMETER": 4.0,
    "CONN_DIAMETER": 5.0,
    "SPECIMEN_LENGTH": 72.0,
    "ROUND_RADIUS": 3.0,
    "THREADED_LENGTH": 15,
    "MAX_DISPLACEMENT": 2.60702,
    "YIELD_STRESS": 393.67,
    "MODULUS": 222376.55,
    "UTS_STRAIN": 0.09731888640142439,
    "UTS_STRESS": 656.321,
    "EN": 0.2742837373362403,
    "F": 0.0014212629779862733,
    "FN": 0.03961891538068574,
    "Q1": 0.9564778016994089,
    "Q2": 1.0401801767310799,
    "Q3": 0.8371899056153491,
    "SLOPE": 62.54327694914896,
    "SN": 0.14302506067381832
}