{
    "GAUGE_LENGTH": 25.0,
    "GAUGE_DIAMETER": 4.0,
    "CONN_DIAMETER": 5.0,
    "SPECIMEN_LENGTH": 72.0,
    "ROUND_RADIUS": 3.0,
    "THREADED_LENGTH": 15,
    "MAX_DISPLACEMENT": 2.60702,
    "YIELD_STRESS": 393.67,
    "MODULUS": 222376.55,
    "UTS_STRAIN": 0.09731888640142439,
    "UTS_STRESS": 656.321,
    "EN": 0.2566164920017082,
    "F": 0.0014407792080082197,
    "FN": 0.062299470673689836,
    "Q1": 0.9061464348575783,
    "Q2": 0.9658436977344743,
    "Q3": 1.3296973971211856,
    "SLOPE": 73.16103586216512,
    "SN": 0.10099292121548424
}