{
    "GAUGE_LENGTH": 25.0,
    "GAUGE_DIAMETER": 4.0,
    "CONN_DIAMETER": 5.0,
    "SPECIMEN_LENGTH": 72.0,
    "ROUND_RADIUS": 3.0,
    "THREADED_LENGTH": 15,
    "MAX_DISPLACEMENT": 2.60702,
    "YIELD_STRESS": 393.67,
    "MODULUS": 222376.55,
    "UTS_STRAIN": 0.09731888640142439,
    "UTS_STRESS": 656.321,
    "EN": 0.3860713031883106,
    "F": 0.0013924936543457049,
    "FN": 0.03914571422301526,
    "Q1": 0.9127508121635072,
    "Q2": 1.0199064317769548,
    "Q3": 2.2226004820883154,
    "SLOPE": 84.0976952187525,
    "SN": 0.13733322874056167
}