{
    "GAUGE_LENGTH": 25.0,
    "GAUGE_DIAMETER": 4.0,
    "CONN_DIAMETER": 5.0,
    "SPECIMEN_LENGTH": 72.0,
    "ROUND_RADIUS": 3.0,
    "THREADED_LENGTH": 15,
    "MAX_DISPLACEMENT": 2.60702,
    "YIELD_STRESS": 393.67,
    "MODULUS": 222376.55,
    "UTS_STRAIN": 0.09731888640142439,
    "UTS_STRESS": 656.321,
    "EN": 0.2898393357492077,
    "F": 0.0014945078715091747,
    "FN": 0.05316043196720529,
    "Q1": 0.9910173770041145,
    "Q2": 0.9247364927710835,
    "Q3": 1.0191368159825056,
    "SLOPE": 65.30375144176209,
    "SN": 0.14021617704212935
}