{
    "GAUGE_LENGTH": 25.0,
    "GAUGE_DIAMETER": 4.0,
    "CONN_DIAMETER": 5.0,
    "SPECIMEN_LENGTH": 72.0,
    "ROUND_RADIUS": 3.0,
    "THREADED_LENGTH": 15,
    "MAX_DISPLACEMENT": 2.60702,
    "YIELD_STRESS": 393.67,
    "MODULUS": 222376.55,
    "UTS_STRAIN": 0.09731888640142439,
    "UTS_STRESS": 656.321,
    "EN": 0.2956850279685862,
    "F": 0.0014877539803917744,
    "FN": 0.08718396352951932,
    "Q1": 1.0441831608133394,
    "Q2": 0.9809740447359743,
    "Q3": 0.9800415878493256,
    "SLOPE": 62.317810544869104,
    "SN": 0.13417705712288322
}