{
    "GAUGE_LENGTH": 25.0,
    "GAUGE_DIAMETER": 4.0,
    "CONN_DIAMETER": 5.0,
    "SPECIMEN_LENGTH": 72.0,
    "ROUND_RADIUS": 3.0,
    "THREADED_LENGTH": 15,
    "MAX_DISPLACEMENT": 2.60702,
    "YIELD_STRESS": 393.67,
    "MODULUS": 222376.55,
    "UTS_STRAIN": 0.09731888640142439,
    "UTS_STRESS": 656.321,
    "EN": 0.2666460979722959,
    "F": 0.0013639415723179355,
    "FN": 0.0720132180847816,
    "Q1": 1.1442708266545953,
    "Q2": 0.9240036620726159,
    "Q3": 0.9187876968151926,
    "SLOPE": 65.05908901152897,
    "SN": 0.12950252337192247
}