{
    "GAUGE_LENGTH": 25.0,
    "GAUGE_DIAMETER": 4.0,
    "CONN_DIAMETER": 5.0,
    "SPECIMEN_LENGTH": 72.0,
    "ROUND_RADIUS": 3.0,
    "THREADED_LENGTH": 15,
    "MAX_DISPLACEMENT": 2.60702,
    "YIELD_STRESS": 393.67,
    "MODULUS": 222376.55,
    "UTS_STRAIN": 0.09731888640142439,
    "UTS_STRESS": 656.321,
    "EN": 0.3311728910122592,
    "F": 0.0013819610381625564,
    "FN": 0.04798556122385843,
    "Q1": 0.9051982915241394,
    "Q2": 0.9006212585829318,
    "Q3": 1.0777431847063927,
    "SLOPE": 72.6310092965753,
    "SN": 0.1966224521164405
}