{
    "GAUGE_LENGTH": 25.0,
    "GAUGE_DIAMETER": 4.0,
    "CONN_DIAMETER": 5.0,
    "SPECIMEN_LENGTH": 72.0,
    "ROUND_RADIUS": 3.0,
    "THREADED_LENGTH": 15,
    "MAX_DISPLACEMENT": 2.60702,
    "YIELD_STRESS": 393.67,
    "MODULUS": 222376.55,
    "UTS_STRAIN": 0.09731888640142439,
    "UTS_STRESS": 656.321,
    "EN": 0.34627522236822417,
    "F": 0.0014577843616069954,
    "FN": 0.039097217618004595,
    "Q1": 1.258720899772859,
    "Q2": 0.9095157125419466,
    "Q3": 0.9393749803800433,
    "SLOPE": 65.02354957342084,
    "SN": 0.19058113711247904
}