{
    "GAUGE_LENGTH": 25.0,
    "GAUGE_DIAMETER": 4.0,
    "CONN_DIAMETER": 5.0,
    "SPECIMEN_LENGTH": 72.0,
    "ROUND_RADIUS": 3.0,
    "THREADED_LENGTH": 15,
    "MAX_DISPLACEMENT": 2.60702,
    "YIELD_STRESS": 393.67,
    "MODULUS": 222376.55,
    "UTS_STRAIN": 0.09731888640142439,
    "UTS_STRESS": 656.321,
    "EN": 0.2717483463241229,
    "F": 0.001460694713803168,
    "FN": 0.08852365303919096,
    "Q1": 0.9285224467384314,
    "Q2": 0.9954978173484501,
    "Q3": 0.9920901893860479,
    "SLOPE": 65.28786357681516,
    "SN": 0.19968149283239173
}