{
    "GAUGE_LENGTH": 25.0,
    "GAUGE_DIAMETER": 4.0,
    "CONN_DIAMETER": 5.0,
    "SPECIMEN_LENGTH": 72.0,
    "ROUND_RADIUS": 3.0,
    "THREADED_LENGTH": 15,
    "MAX_DISPLACEMENT": 2.60702,
    "YIELD_STRESS": 393.67,
    "MODULUS": 222376.55,
    "UTS_STRAIN": 0.09731888640142439,
    "UTS_STRESS": 656.321,
    "EN": 0.3702616019582198,
    "F": 0.0014706839379406613,
    "FN": 0.04246949739060315,
    "Q1": 1.2330042119196394,
    "Q2": 0.9853181469611834,
    "Q3": 0.9775048383334604,
    "SLOPE": 65.42301679603345,
    "SN": 0.11205525598688981
}