{
    "GAUGE_LENGTH": 25.0,
    "GAUGE_DIAMETER": 4.0,
    "CONN_DIAMETER": 5.0,
    "SPECIMEN_LENGTH": 72.0,
    "ROUND_RADIUS": 3.0,
    "THREADED_LENGTH": 15,
    "MAX_DISPLACEMENT": 2.60702,
    "YIELD_STRESS": 393.67,
    "MODULUS": 222376.55,
    "UTS_STRAIN": 0.09731888640142439,
    "UTS_STRESS": 656.321,
    "EN": 0.2648493487741021,
    "F": 0.0013482290740178288,
    "FN": 0.05757528484626732,
    "Q1": 0.9619426379759923,
    "Q2": 0.9269518047160431,
    "Q3": 1.1576739882258562,
    "SLOPE": 65.11971237733016,
    "SN": 0.11136760213707694
}