{
    "GAUGE_LENGTH": 25.0,
    "GAUGE_DIAMETER": 4.0,
    "CONN_DIAMETER": 5.0,
    "SPECIMEN_LENGTH": 72.0,
    "ROUND_RADIUS": 3.0,
    "THREADED_LENGTH": 15,
    "MAX_DISPLACEMENT": 2.60702,
    "YIELD_STRESS": 393.67,
    "MODULUS": 222376.55,
    "UTS_STRAIN": 0.09731888640142439,
    "UTS_STRESS": 656.321,
    "EN": 0.3592247824816501,
    "F": 0.001407246554471153,
    "FN": 0.06723692431947498,
    "Q1": 0.9856006690976329,
    "Q2": 1.0403138537139685,
    "Q3": 0.8157739457924653,
    "SLOPE": 65.41452236027328,
    "SN": 0.13430058110701698
}