{
    "GAUGE_LENGTH": 25.0,
    "GAUGE_DIAMETER": 4.0,
    "CONN_DIAMETER": 5.0,
    "SPECIMEN_LENGTH": 72.0,
    "ROUND_RADIUS": 3.0,
    "THREADED_LENGTH": 15,
    "MAX_DISPLACEMENT": 2.60702,
    "YIELD_STRESS": 393.67,
    "MODULUS": 222376.55,
    "UTS_STRAIN": 0.09731888640142439,
    "UTS_STRESS": 656.321,
    "EN": 0.3673676224729516,
    "F": 0.0014575744027909361,
    "FN": 0.05517629160360092,
    "Q1": 1.0448946032122712,
    "Q2": 0.9643584610058805,
    "Q3": 0.8871616220258939,
    "SLOPE": 62.088605751351956,
    "SN": 0.1764198982601101
}