{
    "GAUGE_LENGTH": 25.0,
    "GAUGE_DIAMETER": 4.0,
    "CONN_DIAMETER": 5.0,
    "SPECIMEN_LENGTH": 72.0,
    "ROUND_RADIUS": 3.0,
    "THREADED_LENGTH": 15,
    "MAX_DISPLACEMENT": 2.60702,
    "YIELD_STRESS": 393.67,
    "MODULUS": 222376.55,
    "UTS_STRAIN": 0.09731888640142439,
    "UTS_STRESS": 656.321,
    "EN": 0.30284595609519593,
    "F": 0.00147466914724757,
    "FN": 0.07822797973888973,
    "Q1": 0.9333188606757195,
    "Q2": 1.0469435377324343,
    "Q3": 0.8948059355607862,
    "SLOPE": 65.414426180907,
    "SN": 0.15102899130031328
}