{
    "GAUGE_LENGTH": 25.0,
    "GAUGE_DIAMETER": 4.0,
    "CONN_DIAMETER": 5.0,
    "SPECIMEN_LENGTH": 72.0,
    "ROUND_RADIUS": 3.0,
    "THREADED_LENGTH": 15,
    "MAX_DISPLACEMENT": 2.60702,
    "YIELD_STRESS": 393.67,
    "MODULUS": 222376.55,
    "UTS_STRAIN": 0.09731888640142439,
    "UTS_STRESS": 656.321,
    "EN": 0.2937789544209,
    "F": 0.0014507937344013643,
    "FN": 0.032496250103697034,
    "Q1": 1.1392956384019604,
    "Q2": 0.9344765838614576,
    "Q3": 1.0021725870279692,
    "SLOPE": 65.0877359171979,
    "SN": 0.11844882293037151
}