{
    "GAUGE_LENGTH": 25.0,
    "GAUGE_DIAMETER": 4.0,
    "CONN_DIAMETER": 5.0,
    "SPECIMEN_LENGTH": 72.0,
    "ROUND_RADIUS": 3.0,
    "THREADED_LENGTH": 15,
    "MAX_DISPLACEMENT": 2.60702,
    "YIELD_STRESS": 393.67,
    "MODULUS": 222376.55,
    "UTS_STRAIN": 0.09731888640142439,
    "UTS_STRESS": 656.321,
    "EN": 0.38848224345995724,
    "F": 0.0014915204861668874,
    "FN": 0.03289710228048316,
    "Q1": 0.9626774851800495,
    "Q2": 0.9013331938611464,
    "Q3": 0.8499713156102752,
    "SLOPE": 65.00754913186728,
    "SN": 0.1312113883878106
}