{
    "GAUGE_LENGTH": 25.0,
    "GAUGE_DIAMETER": 4.0,
    "CONN_DIAMETER": 5.0,
    "SPECIMEN_LENGTH": 72.0,
    "ROUND_RADIUS": 3.0,
    "THREADED_LENGTH": 15,
    "MAX_DISPLACEMENT": 2.60702,
    "YIELD_STRESS": 393.67,
    "MODULUS": 222376.55,
    "UTS_STRAIN": 0.09731888640142439,
    "UTS_STRESS": 656.321,
    "EN": 0.32739396052715036,
    "F": 0.0014541893461853153,
    "FN": 0.07028753150504263,
    "Q1": 0.962052612510018,
    "Q2": 0.907683129705503,
    "Q3": 0.9246036892136119,
    "SLOPE": 62.175849308007926,
    "SN": 0.10326207495682119
}