{
    "GAUGE_LENGTH": 25.0,
    "GAUGE_DIAMETER": 4.0,
    "CONN_DIAMETER": 5.0,
    "SPECIMEN_LENGTH": 72.0,
    "ROUND_RADIUS": 3.0,
    "THREADED_LENGTH": 15,
    "MAX_DISPLACEMENT": 2.60702,
    "YIELD_STRESS": 393.67,
    "MODULUS": 222376.55,
    "UTS_STRAIN": 0.09731888640142439,
    "UTS_STRESS": 656.321,
    "EN": 0.36642696263667324,
    "F": 0.0014446612995945005,
    "FN": 0.03911121108838088,
    "Q1": 1.1480419460721463,
    "Q2": 1.0775494248740958,
    "Q3": 0.9848267480299696,
    "SLOPE": 64.85500658028809,
    "SN": 0.17444171528622457
}