{
    "GAUGE_LENGTH": 25.0,
    "GAUGE_DIAMETER": 4.0,
    "CONN_DIAMETER": 5.0,
    "SPECIMEN_LENGTH": 72.0,
    "ROUND_RADIUS": 3.0,
    "THREADED_LENGTH": 15,
    "MAX_DISPLACEMENT": 2.60702,
    "YIELD_STRESS": 393.67,
    "MODULUS": 222376.55,
    "UTS_STRAIN": 0.09731888640142439,
    "UTS_STRESS": 656.321,
    "EN": 0.25984518754275426,
    "F": 0.0013819410204711775,
    "FN": 0.06675644872989606,
    "Q1": 0.9883497630133669,
    "Q2": 0.977185462370888,
    "Q3": 1.1338964577305073,
    "SLOPE": 65.43568338335284,
    "SN": 0.15617972070713562
}