{
    "GAUGE_LENGTH": 25.0,
    "GAUGE_DIAMETER": 4.0,
    "CONN_DIAMETER": 5.0,
    "SPECIMEN_LENGTH": 72.0,
    "ROUND_RADIUS": 3.0,
    "THREADED_LENGTH": 15,
    "MAX_DISPLACEMENT": 2.60702,
    "YIELD_STRESS": 393.67,
    "MODULUS": 222376.55,
    "UTS_STRAIN": 0.09731888640142439,
    "UTS_STRESS": 656.321,
    "EN": 0.35660042487576826,
    "F": 0.001416209448268364,
    "FN": 0.0440914249571626,
    "Q1": 0.9420753323641413,
    "Q2": 0.9142670218031616,
    "Q3": 1.292568559193557,
    "SLOPE": 65.15142264251624,
    "SN": 0.16507429782600458
}