{
    "GAUGE_LENGTH": 25.0,
    "GAUGE_DIAMETER": 4.0,
    "CONN_DIAMETER": 5.0,
    "SPECIMEN_LENGTH": 72.0,
    "ROUND_RADIUS": 3.0,
    "THREADED_LENGTH": 15,
    "MAX_DISPLACEMENT": 2.60702,
    "YIELD_STRESS": 393.67,
    "MODULUS": 222376.55,
    "UTS_STRAIN": 0.09731888640142439,
    "UTS_STRESS": 656.321,
    "EN": 0.36695372514947716,
    "F": 0.00149257614194196,
    "FN": 0.07826956384962055,
    "Q1": 0.9462742497605433,
    "Q2": 0.9483432188059282,
    "Q3": 1.050738786324323,
    "SLOPE": 65.3052535160128,
    "SN": 0.13706531167540992
}