{
    "GAUGE_LENGTH": 25.0,
    "GAUGE_DIAMETER": 4.0,
    "CONN_DIAMETER": 5.0,
    "SPECIMEN_LENGTH": 72.0,
    "ROUND_RADIUS": 3.0,
    "THREADED_LENGTH": 15,
    "MAX_DISPLACEMENT": 2.60702,
    "YIELD_STRESS": 393.67,
    "MODULUS": 222376.55,
    "UTS_STRAIN": 0.09731888640142439,
    "UTS_STRESS": 656.321,
    "EN": 0.29712126231638913,
    "F": 0.0013098217969512043,
    "FN": 0.06221281206005559,
    "Q1": 0.9908915357783368,
    "Q2": 0.9592482607496158,
    "Q3": 1.1589568789310096,
    "SLOPE": 66.92990092432115,
    "SN": 0.12610152544471964
}