{
    "GAUGE_LENGTH": 25.0,
    "GAUGE_DIAMETER": 4.0,
    "CONN_DIAMETER": 5.0,
    "SPECIMEN_LENGTH": 72.0,
    "ROUND_RADIUS": 3.0,
    "THREADED_LENGTH": 15,
    "MAX_DISPLACEMENT": 2.60702,
    "YIELD_STRESS": 393.67,
    "MODULUS": 222376.55,
    "UTS_STRAIN": 0.09731888640142439,
    "UTS_STRESS": 656.321,
    "EN": 0.25314531690084713,
    "F": 0.0013553636491561716,
    "FN": 0.08796829505907675,
    "Q1": 0.9812080869947695,
    "Q2": 0.9642966918431833,
    "Q3": 1.277490572537826,
    "SLOPE": 65.90366334391805,
    "SN": 0.14267680705605112
}