{
    "GAUGE_LENGTH": 25.0,
    "GAUGE_DIAMETER": 4.0,
    "CONN_DIAMETER": 5.0,
    "SPECIMEN_LENGTH": 72.0,
    "ROUND_RADIUS": 3.0,
    "THREADED_LENGTH": 15,
    "MAX_DISPLACEMENT": 2.60702,
    "YIELD_STRESS": 393.67,
    "MODULUS": 222376.55,
    "UTS_STRAIN": 0.09731888640142439,
    "UTS_STRESS": 656.321,
    "EN": 0.3568640852167216,
    "F": 0.0013186180465163374,
    "FN": 0.031578387946410276,
    "Q1": 1.4393698877790546,
    "Q2": 1.0159228894998236,
    "Q3": 0.9610699593576624,
    "SLOPE": 65.31091617406965,
    "SN": 0.11813345064120077
}