{
    "GAUGE_LENGTH": 25.0,
    "GAUGE_DIAMETER": 4.0,
    "CONN_DIAMETER": 5.0,
    "SPECIMEN_LENGTH": 72.0,
    "ROUND_RADIUS": 3.0,
    "THREADED_LENGTH": 15,
    "MAX_DISPLACEMENT": 2.60702,
    "YIELD_STRESS": 393.67,
    "MODULUS": 222376.55,
    "UTS_STRAIN": 0.09731888640142439,
    "UTS_STRESS": 656.321,
    "EN": 0.2913087912022929,
    "F": 0.0014507763875086905,
    "FN": 0.06888640714885327,
    "Q1": 0.9804797421445296,
    "Q2": 0.9142915990572732,
    "Q3": 0.9714486269024395,
    "SLOPE": 65.16093349170005,
    "SN": 0.13702457819734065
}