{
    "GAUGE_LENGTH": 25.0,
    "GAUGE_DIAMETER": 4.0,
    "CONN_DIAMETER": 5.0,
    "SPECIMEN_LENGTH": 72.0,
    "ROUND_RADIUS": 3.0,
    "THREADED_LENGTH": 15,
    "MAX_DISPLACEMENT": 2.60702,
    "YIELD_STRESS": 393.67,
    "MODULUS": 222376.55,
    "UTS_STRAIN": 0.09731888640142439,
    "UTS_STRESS": 656.321,
    "EN": 0.334227764482432,
    "F": 0.0014108683313724202,
    "FN": 0.03702375470586561,
    "Q1": 1.0893629370343287,
    "Q2": 0.9287564765464354,
    "Q3": 0.8662171325949677,
    "SLOPE": 65.16925581640244,
    "SN": 0.1809300307036637
}