{
    "GAUGE_LENGTH": 25.0,
    "GAUGE_DIAMETER": 4.0,
    "CONN_DIAMETER": 5.0,
    "SPECIMEN_LENGTH": 72.0,
    "ROUND_RADIUS": 3.0,
    "THREADED_LENGTH": 15,
    "MAX_DISPLACEMENT": 2.60702,
    "YIELD_STRESS": 393.67,
    "MODULUS": 222376.55,
    "UTS_STRAIN": 0.09731888640142439,
    "UTS_STRESS": 656.321,
    "EN": 0.29621879869522605,
    "F": 0.0013458404592715306,
    "FN": 0.03850686449666675,
    "Q1": 0.9893413101440716,
    "Q2": 1.0072156473106626,
    "Q3": 0.9412732544559584,
    "SLOPE": 66.65376068627657,
    "SN": 0.1496435384844054
}