{
    "GAUGE_LENGTH": 25.0,
    "GAUGE_DIAMETER": 4.0,
    "CONN_DIAMETER": 5.0,
    "SPECIMEN_LENGTH": 72.0,
    "ROUND_RADIUS": 3.0,
    "THREADED_LENGTH": 15,
    "MAX_DISPLACEMENT": 2.60702,
    "YIELD_STRESS": 393.67,
    "MODULUS": 222376.55,
    "UTS_STRAIN": 0.09731888640142439,
    "UTS_STRESS": 656.321,
    "EN": 0.25238176796977657,
    "F": 0.0013225594834718345,
    "FN": 0.05062949493984352,
    "Q1": 0.987738656190638,
    "Q2": 0.9195895863121399,
    "Q3": 1.0415760748482126,
    "SLOPE": 65.02341283553802,
    "SN": 0.11907279451027131
}