{
    "GAUGE_LENGTH": 25.0,
    "GAUGE_DIAMETER": 4.0,
    "CONN_DIAMETER": 5.0,
    "SPECIMEN_LENGTH": 72.0,
    "ROUND_RADIUS": 3.0,
    "THREADED_LENGTH": 15,
    "MAX_DISPLACEMENT": 2.60702,
    "YIELD_STRESS": 393.67,
    "MODULUS": 222376.55,
    "UTS_STRAIN": 0.09731888640142439,
    "UTS_STRESS": 656.321,
    "EN": 0.39921295254472444,
    "F": 0.0014310978761716,
    "FN": 0.057400102401914815,
    "Q1": 1.0467835954028237,
    "Q2": 0.9119956358392657,
    "Q3": 0.8618943658256424,
    "SLOPE": 65.0951679872751,
    "SN": 0.14904461455565235
}