{
    "GAUGE_LENGTH": 25.0,
    "GAUGE_DIAMETER": 4.0,
    "CONN_DIAMETER": 5.0,
    "SPECIMEN_LENGTH": 72.0,
    "ROUND_RADIUS": 3.0,
    "THREADED_LENGTH": 15,
    "MAX_DISPLACEMENT": 2.60702,
    "YIELD_STRESS": 393.67,
    "MODULUS": 222376.55,
    "UTS_STRAIN": 0.09731888640142439,
    "UTS_STRESS": 656.321,
    "EN": 0.36716364035772464,
    "F": 0.0014976848330790445,
    "FN": 0.04160656320718793,
    "Q1": 0.9839380403729789,
    "Q2": 1.0024461009624313,
    "Q3": 0.828908660782271,
    "SLOPE": 65.04774672689504,
    "SN": 0.117429956279415
}