{
    "GAUGE_LENGTH": 25.0,
    "GAUGE_DIAMETER": 4.0,
    "CONN_DIAMETER": 5.0,
    "SPECIMEN_LENGTH": 72.0,
    "ROUND_RADIUS": 3.0,
    "THREADED_LENGTH": 15,
    "MAX_DISPLACEMENT": 2.60702,
    "YIELD_STRESS": 393.67,
    "MODULUS": 222376.55,
    "UTS_STRAIN": 0.09731888640142439,
    "UTS_STRESS": 656.321,
    "EN": 0.3775386214119143,
    "F": 0.0014966278453391766,
    "FN": 0.03228483217296668,
    "Q1": 1.0462524044872883,
    "Q2": 1.0089693462367573,
    "Q3": 0.9253726031042568,
    "SLOPE": 64.98968182594552,
    "SN": 0.10467003476590953
}