{
    "GAUGE_LENGTH": 25.0,
    "GAUGE_DIAMETER": 4.0,
    "CONN_DIAMETER": 5.0,
    "SPECIMEN_LENGTH": 72.0,
    "ROUND_RADIUS": 3.0,
    "THREADED_LENGTH": 15,
    "MAX_DISPLACEMENT": 2.60702,
    "YIELD_STRESS": 393.67,
    "MODULUS": 222376.55,
    "UTS_STRAIN": 0.09731888640142439,
    "UTS_STRESS": 656.321,
    "EN": 0.39072130716487147,
    "F": 0.0013592759840522152,
    "FN": 0.035592108170758134,
    "Q1": 0.95782168041096,
    "Q2": 0.928025296409169,
    "Q3": 0.8147375822812166,
    "SLOPE": 65.12560931206605,
    "SN": 0.13180138107036776
}