{
    "GAUGE_LENGTH": 25.0,
    "GAUGE_DIAMETER": 4.0,
    "CONN_DIAMETER": 5.0,
    "SPECIMEN_LENGTH": 72.0,
    "ROUND_RADIUS": 3.0,
    "THREADED_LENGTH": 15,
    "MAX_DISPLACEMENT": 2.60702,
    "YIELD_STRESS": 393.67,
    "MODULUS": 222376.55,
    "UTS_STRAIN": 0.09731888640142439,
    "UTS_STRESS": 656.321,
    "EN": 0.3916805256304406,
    "F": 0.0014005750865534754,
    "FN": 0.04435190453690308,
    "Q1": 0.9184541764268552,
    "Q2": 0.9180173656298669,
    "Q3": 0.872239011849224,
    "SLOPE": 65.39597815118636,
    "SN": 0.16379341091443167
}