{
    "GAUGE_LENGTH": 25.0,
    "GAUGE_DIAMETER": 4.0,
    "CONN_DIAMETER": 5.0,
    "SPECIMEN_LENGTH": 72.0,
    "ROUND_RADIUS": 3.0,
    "THREADED_LENGTH": 15,
    "MAX_DISPLACEMENT": 2.60702,
    "YIELD_STRESS": 393.67,
    "MODULUS": 222376.55,
    "UTS_STRAIN": 0.09731888640142439,
    "UTS_STRESS": 656.321,
    "EN": 0.3821201078590929,
    "F": 0.001313838050696471,
    "FN": 0.059505456307768226,
    "Q1": 0.9017249002532306,
    "Q2": 0.9217420384928362,
    "Q3": 1.0074073811569075,
    "SLOPE": 65.32187821564456,
    "SN": 0.18400495954786922
}