{
    "GAUGE_LENGTH": 25.0,
    "GAUGE_DIAMETER": 4.0,
    "CONN_DIAMETER": 5.0,
    "SPECIMEN_LENGTH": 72.0,
    "ROUND_RADIUS": 3.0,
    "THREADED_LENGTH": 15,
    "MAX_DISPLACEMENT": 2.60702,
    "YIELD_STRESS": 393.67,
    "MODULUS": 222376.55,
    "UTS_STRAIN": 0.09731888640142439,
    "UTS_STRESS": 656.321,
    "EN": 0.3900535613082828,
    "F": 0.0013460214182083492,
    "FN": 0.05836835790848301,
    "Q1": 1.1803556276264944,
    "Q2": 0.9106221762936287,
    "Q3": 0.8998491300242087,
    "SLOPE": 65.33861369953438,
    "SN": 0.1142325198406707
}