{
    "GAUGE_LENGTH": 25.0,
    "GAUGE_DIAMETER": 4.0,
    "CONN_DIAMETER": 5.0,
    "SPECIMEN_LENGTH": 72.0,
    "ROUND_RADIUS": 3.0,
    "THREADED_LENGTH": 15,
    "MAX_DISPLACEMENT": 2.60702,
    "YIELD_STRESS": 393.67,
    "MODULUS": 222376.55,
    "UTS_STRAIN": 0.09731888640142439,
    "UTS_STRESS": 656.321,
    "EN": 0.3244715853600882,
    "F": 0.0013513020269446578,
    "FN": 0.031706672100088866,
    "Q1": 0.9084837381365144,
    "Q2": 0.9163075394074967,
    "Q3": 1.3062776262492122,
    "SLOPE": 65.15656817295945,
    "SN": 0.11765792112306211
}