{
    "GAUGE_LENGTH": 25.0,
    "GAUGE_DIAMETER": 4.0,
    "CONN_DIAMETER": 5.0,
    "SPECIMEN_LENGTH": 72.0,
    "ROUND_RADIUS": 3.0,
    "THREADED_LENGTH": 15,
    "MAX_DISPLACEMENT": 2.60702,
    "YIELD_STRESS": 393.67,
    "MODULUS": 222376.55,
    "UTS_STRAIN": 0.09731888640142439,
    "UTS_STRESS": 656.321,
    "EN": 0.38814635708570866,
    "F": 0.0013274773826763922,
    "FN": 0.044571814690607905,
    "Q1": 1.1397481909036813,
    "Q2": 0.921878128176362,
    "Q3": 0.81935228776129,
    "SLOPE": 52.05751544691806,
    "SN": 0.126681454400408
}