{
    "GAUGE_LENGTH": 25.0,
    "GAUGE_DIAMETER": 4.0,
    "CONN_DIAMETER": 5.0,
    "SPECIMEN_LENGTH": 72.0,
    "ROUND_RADIUS": 3.0,
    "THREADED_LENGTH": 15,
    "MAX_DISPLACEMENT": 2.60702,
    "YIELD_STRESS": 393.67,
    "MODULUS": 222376.55,
    "UTS_STRAIN": 0.09731888640142439,
    "UTS_STRESS": 656.321,
    "EN": 0.3661012890306117,
    "F": 0.0014599667410181696,
    "FN": 0.054078959674599,
    "Q1": 0.9498638933265158,
    "Q2": 1.013403120112524,
    "Q3": 0.9709962378839605,
    "SLOPE": 65.26014974237778,
    "SN": 0.11209119898985842
}