{
    "GAUGE_LENGTH": 25.0,
    "GAUGE_DIAMETER": 4.0,
    "CONN_DIAMETER": 5.0,
    "SPECIMEN_LENGTH": 72.0,
    "ROUND_RADIUS": 3.0,
    "THREADED_LENGTH": 15,
    "MAX_DISPLACEMENT": 2.60702,
    "YIELD_STRESS": 393.67,
    "MODULUS": 222376.55,
    "UTS_STRAIN": 0.09731888640142439,
    "UTS_STRESS": 656.321,
    "EN": 0.2714289041603999,
    "F": 0.0014425436928722274,
    "FN": 0.07283264404395905,
    "Q1": 0.9697349053956769,
    "Q2": 0.9535402474557719,
    "Q3": 0.8816131827321345,
    "SLOPE": 171.51551476157167,
    "SN": 0.10398170699603253
}