{
    "GAUGE_LENGTH": 25.0,
    "GAUGE_DIAMETER": 4.0,
    "CONN_DIAMETER": 5.0,
    "SPECIMEN_LENGTH": 72.0,
    "ROUND_RADIUS": 3.0,
    "THREADED_LENGTH": 15,
    "MAX_DISPLACEMENT": 2.60702,
    "YIELD_STRESS": 393.67,
    "MODULUS": 222376.55,
    "UTS_STRAIN": 0.09731888640142439,
    "UTS_STRESS": 656.321,
    "EN": 0.36673609204556623,
    "F": 0.0014014563643836157,
    "FN": 0.03363716887808175,
    "Q1": 1.1028911226568625,
    "Q2": 0.9036187366155499,
    "Q3": 1.0088324065474539,
    "SLOPE": 65.09011176837546,
    "SN": 0.13319714595650173
}