{
    "GAUGE_LENGTH": 25.0,
    "GAUGE_DIAMETER": 4.0,
    "CONN_DIAMETER": 5.0,
    "SPECIMEN_LENGTH": 72.0,
    "ROUND_RADIUS": 3.0,
    "THREADED_LENGTH": 15,
    "MAX_DISPLACEMENT": 2.60702,
    "YIELD_STRESS": 393.67,
    "MODULUS": 222376.55,
    "UTS_STRAIN": 0.09731888640142439,
    "UTS_STRESS": 656.321,
    "EN": 0.28126569769438303,
    "F": 0.0014931988867201453,
    "FN": 0.05256878720323958,
    "Q1": 1.1321487960275638,
    "Q2": 1.0714201562423253,
    "Q3": 0.8314927136809651,
    "SLOPE": 50.35674328598383,
    "SN": 0.12481281913084094
}