{
    "GAUGE_LENGTH": 25.0,
    "GAUGE_DIAMETER": 4.0,
    "CONN_DIAMETER": 5.0,
    "SPECIMEN_LENGTH": 72.0,
    "ROUND_RADIUS": 3.0,
    "THREADED_LENGTH": 15,
    "MAX_DISPLACEMENT": 2.60702,
    "YIELD_STRESS": 393.67,
    "MODULUS": 222376.55,
    "UTS_STRAIN": 0.09731888640142439,
    "UTS_STRESS": 656.321,
    "EN": 0.29473643064264954,
    "F": 0.0013494133678530651,
    "FN": 0.050022981664359076,
    "Q1": 0.9347916166186298,
    "Q2": 0.9792855782554813,
    "Q3": 0.868234560468616,
    "SLOPE": 56.08008126312218,
    "SN": 0.14392597802692308
}