{
    "GAUGE_LENGTH": 25.0,
    "GAUGE_DIAMETER": 4.0,
    "CONN_DIAMETER": 5.0,
    "SPECIMEN_LENGTH": 72.0,
    "ROUND_RADIUS": 3.0,
    "THREADED_LENGTH": 15,
    "MAX_DISPLACEMENT": 2.60702,
    "YIELD_STRESS": 393.67,
    "MODULUS": 222376.55,
    "UTS_STRAIN": 0.09731888640142439,
    "UTS_STRESS": 656.321,
    "EN": 0.3405186742654969,
    "F": 0.0014027130061239467,
    "FN": 0.06527640299378411,
    "Q1": 0.9411923874039955,
    "Q2": 1.0391232219807138,
    "Q3": 1.0141678504146834,
    "SLOPE": 55.01102661021359,
    "SN": 0.12233062315123346
}