{
    "GAUGE_LENGTH": 25.0,
    "GAUGE_DIAMETER": 4.0,
    "CONN_DIAMETER": 5.0,
    "SPECIMEN_LENGTH": 72.0,
    "ROUND_RADIUS": 3.0,
    "THREADED_LENGTH": 15,
    "MAX_DISPLACEMENT": 2.60702,
    "YIELD_STRESS": 393.67,
    "MODULUS": 222376.55,
    "UTS_STRAIN": 0.09731888640142439,
    "UTS_STRESS": 656.321,
    "EN": 0.31840841784515467,
    "F": 0.0013819741729082429,
    "FN": 0.0869498854951988,
    "Q1": 0.9904358717356989,
    "Q2": 0.9251434934774002,
    "Q3": 0.8104353164498803,
    "SLOPE": 64.6442525442673,
    "SN": 0.18412366084752513
}