{
    "GAUGE_LENGTH": 25.0,
    "GAUGE_DIAMETER": 4.0,
    "CONN_DIAMETER": 5.0,
    "SPECIMEN_LENGTH": 72.0,
    "ROUND_RADIUS": 3.0,
    "THREADED_LENGTH": 15,
    "MAX_DISPLACEMENT": 2.60702,
    "YIELD_STRESS": 393.67,
    "MODULUS": 222376.55,
    "UTS_STRAIN": 0.09731888640142439,
    "UTS_STRESS": 656.321,
    "EN": 0.3096412726848387,
    "F": 0.0014266098674579385,
    "FN": 0.05326426592627832,
    "Q1": 1.021190841556971,
    "Q2": 1.0170621516670606,
    "Q3": 0.8949078945721107,
    "SLOPE": 201.78283526616784,
    "SN": 0.1564676309489454
}