{
    "GAUGE_LENGTH": 25.0,
    "GAUGE_DIAMETER": 4.0,
    "CONN_DIAMETER": 5.0,
    "SPECIMEN_LENGTH": 72.0,
    "ROUND_RADIUS": 3.0,
    "THREADED_LENGTH": 15,
    "MAX_DISPLACEMENT": 2.60702,
    "YIELD_STRESS": 393.67,
    "MODULUS": 222376.55,
    "UTS_STRAIN": 0.09731888640142439,
    "UTS_STRESS": 656.321,
    "EN": 0.3418350194657188,
    "F": 0.00146281473760759,
    "FN": 0.08006332434265556,
    "Q1": 1.1110425734910723,
    "Q2": 0.9140528222505608,
    "Q3": 0.8301670433372607,
    "SLOPE": 165.83986041305724,
    "SN": 0.10180307805015436
}