{
    "GAUGE_LENGTH": 25.0,
    "GAUGE_DIAMETER": 4.0,
    "CONN_DIAMETER": 5.0,
    "SPECIMEN_LENGTH": 72.0,
    "ROUND_RADIUS": 3.0,
    "THREADED_LENGTH": 15,
    "MAX_DISPLACEMENT": 2.60702,
    "YIELD_STRESS": 393.67,
    "MODULUS": 222376.55,
    "UTS_STRAIN": 0.09731888640142439,
    "UTS_STRESS": 656.321,
    "EN": 0.2807949247947691,
    "F": 0.0014889918651113023,
    "FN": 0.04353008924590819,
    "Q1": 1.1299365616380836,
    "Q2": 0.9259941892495822,
    "Q3": 0.8517104764678634,
    "SLOPE": 51.95218817633643,
    "SN": 0.1159576905525431
}