{
    "GAUGE_LENGTH": 25.0,
    "GAUGE_DIAMETER": 4.0,
    "CONN_DIAMETER": 5.0,
    "SPECIMEN_LENGTH": 72.0,
    "ROUND_RADIUS": 3.0,
    "THREADED_LENGTH": 15,
    "MAX_DISPLACEMENT": 2.60702,
    "YIELD_STRESS": 393.67,
    "MODULUS": 222376.55,
    "UTS_STRAIN": 0.09731888640142439,
    "UTS_STRESS": 656.321,
    "EN": 0.3565258659434265,
    "F": 0.0013964210923437456,
    "FN": 0.06333866113334741,
    "Q1": 0.9513478982356854,
    "Q2": 0.9359024783433005,
    "Q3": 1.0067228645422954,
    "SLOPE": 65.0205438609332,
    "SN": 0.15642781459186902
}