{
    "GAUGE_LENGTH": 25.0,
    "GAUGE_DIAMETER": 4.0,
    "CONN_DIAMETER": 5.0,
    "SPECIMEN_LENGTH": 72.0,
    "ROUND_RADIUS": 3.0,
    "THREADED_LENGTH": 15,
    "MAX_DISPLACEMENT": 2.60702,
    "YIELD_STRESS": 393.67,
    "MODULUS": 222376.55,
    "UTS_STRAIN": 0.09731888640142439,
    "UTS_STRESS": 656.321,
    "EN": 0.2905369584341184,
    "F": 0.0013830926783483027,
    "FN": 0.042574125314692464,
    "Q1": 0.9455010446683076,
    "Q2": 0.9619770973034958,
    "Q3": 0.9208422026831293,
    "SLOPE": 65.1961813595808,
    "SN": 0.1180276775347401
}