{
    "GAUGE_LENGTH": 25.0,
    "GAUGE_DIAMETER": 4.0,
    "CONN_DIAMETER": 5.0,
    "SPECIMEN_LENGTH": 72.0,
    "ROUND_RADIUS": 3.0,
    "THREADED_LENGTH": 15,
    "MAX_DISPLACEMENT": 2.60702,
    "YIELD_STRESS": 393.67,
    "MODULUS": 222376.55,
    "UTS_STRAIN": 0.09731888640142439,
    "UTS_STRESS": 656.321,
    "EN": 0.36948196593318694,
    "F": 0.00145613405836655,
    "FN": 0.05087210046076565,
    "Q1": 1.0088707474732248,
    "Q2": 0.9601315385742573,
    "Q3": 0.8989577845478796,
    "SLOPE": 65.05498193804307,
    "SN": 0.178780899780657
}