{
    "GAUGE_LENGTH": 25.0,
    "GAUGE_DIAMETER": 4.0,
    "CONN_DIAMETER": 5.0,
    "SPECIMEN_LENGTH": 72.0,
    "ROUND_RADIUS": 3.0,
    "THREADED_LENGTH": 15,
    "MAX_DISPLACEMENT": 2.60702,
    "YIELD_STRESS": 393.67,
    "MODULUS": 222376.55,
    "UTS_STRAIN": 0.09731888640142439,
    "UTS_STRESS": 656.321,
    "EN": 0.34893087358120584,
    "F": 0.0014473183585087049,
    "FN": 0.0591318728502334,
    "Q1": 1.0326717113918003,
    "Q2": 0.9916283903398297,
    "Q3": 0.9170600617182372,
    "SLOPE": 65.31835934684518,
    "SN": 0.1904997211482982
}