{
    "GAUGE_LENGTH": 25.0,
    "GAUGE_DIAMETER": 4.0,
    "CONN_DIAMETER": 5.0,
    "SPECIMEN_LENGTH": 72.0,
    "ROUND_RADIUS": 3.0,
    "THREADED_LENGTH": 15,
    "MAX_DISPLACEMENT": 2.60702,
    "YIELD_STRESS": 393.67,
    "MODULUS": 222376.55,
    "UTS_STRAIN": 0.09731888640142439,
    "UTS_STRESS": 656.321,
    "EN": 0.32357200222170684,
    "F": 0.001331244474100569,
    "FN": 0.04240544819129535,
    "Q1": 1.0531085120853625,
    "Q2": 0.93215690106707,
    "Q3": 0.8836073562182905,
    "SLOPE": 65.24624703893559,
    "SN": 0.16053825063390634
}