{
    "GAUGE_LENGTH": 25.0,
    "GAUGE_DIAMETER": 4.0,
    "CONN_DIAMETER": 5.0,
    "SPECIMEN_LENGTH": 72.0,
    "ROUND_RADIUS": 3.0,
    "THREADED_LENGTH": 15,
    "MAX_DISPLACEMENT": 2.60702,
    "YIELD_STRESS": 393.67,
    "MODULUS": 222376.55,
    "UTS_STRAIN": 0.09731888640142439,
    "UTS_STRESS": 656.321,
    "EN": 0.2741871030477538,
    "F": 0.0013761008255174865,
    "FN": 0.068095590438335,
    "Q1": 0.9375073034831609,
    "Q2": 1.0626670255682833,
    "Q3": 1.1138083891157333,
    "SLOPE": 65.06129088527739,
    "SN": 0.15804773707390946
}