{
    "GAUGE_LENGTH": 25.0,
    "GAUGE_DIAMETER": 4.0,
    "CONN_DIAMETER": 5.0,
    "SPECIMEN_LENGTH": 72.0,
    "ROUND_RADIUS": 3.0,
    "THREADED_LENGTH": 15,
    "MAX_DISPLACEMENT": 2.60702,
    "YIELD_STRESS": 393.67,
    "MODULUS": 222376.55,
    "UTS_STRAIN": 0.09731888640142439,
    "UTS_STRESS": 656.321,
    "EN": 0.2879369902073271,
    "F": 0.001443431124720744,
    "FN": 0.06062229665120168,
    "Q1": 0.9105729787241189,
    "Q2": 0.998338228884813,
    "Q3": 0.8693871825389299,
    "SLOPE": 65.26482907585485,
    "SN": 0.11015353425435531
}