{
    "GAUGE_LENGTH": 25.0,
    "GAUGE_DIAMETER": 4.0,
    "CONN_DIAMETER": 5.0,
    "SPECIMEN_LENGTH": 72.0,
    "ROUND_RADIUS": 3.0,
    "THREADED_LENGTH": 15,
    "MAX_DISPLACEMENT": 2.60702,
    "YIELD_STRESS": 393.67,
    "MODULUS": 222376.55,
    "UTS_STRAIN": 0.09731888640142439,
    "UTS_STRESS": 656.321,
    "EN": 0.3701214015210865,
    "F": 0.0014394723722643914,
    "FN": 0.0632334661703236,
    "Q1": 0.9004675570730216,
    "Q2": 0.9093425517224379,
    "Q3": 1.0196999741816346,
    "SLOPE": 65.51899706764863,
    "SN": 0.15468266658571697
}