{
    "GAUGE_LENGTH": 25.0,
    "GAUGE_DIAMETER": 4.0,
    "CONN_DIAMETER": 5.0,
    "SPECIMEN_LENGTH": 72.0,
    "ROUND_RADIUS": 3.0,
    "THREADED_LENGTH": 15,
    "MAX_DISPLACEMENT": 2.60702,
    "YIELD_STRESS": 393.67,
    "MODULUS": 222376.55,
    "UTS_STRAIN": 0.09731888640142439,
    "UTS_STRESS": 656.321,
    "EN": 0.3165952093011139,
    "F": 0.0014168477861651707,
    "FN": 0.0328857467002046,
    "Q1": 1.1180579194549676,
    "Q2": 0.9555718373143897,
    "Q3": 0.9210489564195218,
    "SLOPE": 65.32389281070023,
    "SN": 0.12081724450166018
}