{
    "GAUGE_LENGTH": 25.0,
    "GAUGE_DIAMETER": 4.0,
    "CONN_DIAMETER": 5.0,
    "SPECIMEN_LENGTH": 72.0,
    "ROUND_RADIUS": 3.0,
    "THREADED_LENGTH": 15,
    "MAX_DISPLACEMENT": 2.60702,
    "YIELD_STRESS": 393.67,
    "MODULUS": 222376.55,
    "UTS_STRAIN": 0.09731888640142439,
    "UTS_STRESS": 656.321,
    "EN": 0.25077023280968413,
    "F": 0.0013498256295531156,
    "FN": 0.03653302691864763,
    "Q1": 0.9726335530319387,
    "Q2": 0.9244166777260014,
    "Q3": 0.8790804401817983,
    "SLOPE": 65.81633636223921,
    "SN": 0.19211894017372821
}