{
    "GAUGE_LENGTH": 25.0,
    "GAUGE_DIAMETER": 4.0,
    "CONN_DIAMETER": 5.0,
    "SPECIMEN_LENGTH": 72.0,
    "ROUND_RADIUS": 3.0,
    "THREADED_LENGTH": 15,
    "MAX_DISPLACEMENT": 2.60702,
    "YIELD_STRESS": 393.67,
    "MODULUS": 222376.55,
    "UTS_STRAIN": 0.09731888640142439,
    "UTS_STRESS": 656.321,
    "EN": 0.3097942547652875,
    "F": 0.0014310928625271757,
    "FN": 0.05190130975350815,
    "Q1": 0.9007930236774645,
    "Q2": 1.0547247639718056,
    "Q3": 1.1406556185529015,
    "SLOPE": 65.34184282953821,
    "SN": 0.18215182209544842
}